timestamp,rtype,publisher_id,instrument_id,open,high,low,close,volume,symbol
2019-06-16 22:00:00+00:00,33,1,9166,7481.0,7485.0,7476.0,7483.25,174,NQ.v.0
2019-06-16 22:01:00+00:00,33,1,9166,7484.5,7489.5,7484.5,7488.5,144,NQ.v.0
2019-06-16 22:02:00+00:00,33,1,9166,7488.75,7489.75,7487.5,7488.75,63,NQ.v.0
2019-06-16 22:03:00+00:00,33,1,9166,7489.25,7492.0,7489.0,7492.0,53,NQ.v.0
2019-06-16 22:04:00+00:00,33,1,9166,7492.0,7492.75,7487.0,7488.0,85,NQ.v.0
2019-06-16 22:05:00+00:00,33,1,9166,7488.25,7490.5,7488.25,7490.5,12,NQ.v.0
2019-06-16 22:06:00+00:00,33,1,9166,7491.5,7491.5,7489.25,7489.5,12,NQ.v.0
2019-06-16 22:07:00+00:00,33,1,9166,7490.0,7490.0,7489.0,7489.0,6,NQ.v.0
2019-06-16 22:08:00+00:00,33,1,9166,7489.0,7489.0,7489.0,7489.0,2,NQ.v.0
2019-06-16 22:09:00+00:00,33,1,9166,7488.5,7489.25,7488.25,7488.25,8,NQ.v.0
2019-06-16 22:10:00+00:00,33,1,9166,7488.75,7488.75,7487.0,7487.0,26,NQ.v.0
2019-06-16 22:11:00+00:00,33,1,9166,7487.0,7487.75,7487.0,7487.75,6,NQ.v.0
2019-06-16 22:12:00+00:00,33,1,9166,7487.75,7487.75,7486.75,7487.25,11,NQ.v.0
2019-06-16 22:13:00+00:00,33,1,9166,7486.75,7487.0,7486.5,7486.75,4,NQ.v.0
2019-06-16 22:14:00+00:00,33,1,9166,7487.25,7487.75,7487.25,7487.75,3,NQ.v.0
2019-06-16 22:15:00+00:00,33,1,9166,7488.0,7488.75,7488.0,7488.75,14,NQ.v.0
2019-06-16 22:16:00+00:00,33,1,9166,7489.75,7489.75,7488.5,7488.5,6,NQ.v.0
2019-06-16 22:17:00+00:00,33,1,9166,7488.75,7492.25,7488.75,7492.25,7,NQ.v.0
2019-06-16 22:18:00+00:00,33,1,9166,7491.5,7492.25,7490.75,7490.75,14,NQ.v.0
2019-06-16 22:19:00+00:00,33,1,9166,7490.75,7490.75,7489.0,7489.5,9,NQ.v.0
2019-06-16 22:20:00+00:00,33,1,9166,7490.75,7491.0,7490.75,7491.0,12,NQ.v.0
2019-06-16 22:21:00+00:00,33,1,9166,7491.25,7491.5,7490.5,7491.25,17,NQ.v.0
2019-06-16 22:22:00+00:00,33,1,9166,7490.75,7490.75,7490.25,7490.25,4,NQ.v.0
2019-06-16 22:23:00+00:00,33,1,9166,7490.0,7490.25,7489.75,7490.25,7,NQ.v.0
2019-06-16 22:25:00+00:00,33,1,9166,7491.25,7491.5,7490.75,7490.75,7,NQ.v.0
2019-06-16 22:26:00+00:00,33,1,9166,7490.75,7490.75,7490.75,7490.75,1,NQ.v.0
2019-06-16 22:27:00+00:00,33,1,9166,7490.75,7491.0,7490.75,7491.0,3,NQ.v.0
2019-06-16 22:28:00+00:00,33,1,9166,7490.75,7490.75,7490.0,7490.25,7,NQ.v.0
2019-06-16 22:29:00+00:00,33,1,9166,7490.0,7490.0,7490.0,7490.0,2,NQ.v.0
2019-06-16 22:30:00+00:00,33,1,9166,7490.0,7491.25,7490.0,7491.25,14,NQ.v.0
2019-06-16 22:31:00+00:00,33,1,9166,7490.75,7492.5,7490.5,7491.75,16,NQ.v.0
2019-06-16 22:32:00+00:00,33,1,9166,7491.5,7494.75,7491.5,7493.0,34,NQ.v.0
2019-06-16 22:33:00+00:00,33,1,9166,7493.75,7494.0,7493.5,7493.5,10,NQ.v.0
2019-06-16 22:34:00+00:00,33,1,9166,7493.5,7493.5,7492.5,7493.0,12,NQ.v.0
2019-06-16 22:36:00+00:00,33,1,9166,7492.75,7492.75,7492.0,7492.0,9,NQ.v.0
2019-06-16 22:37:00+00:00,33,1,9166,7491.75,7491.75,7491.0,7491.0,10,NQ.v.0
2019-06-16 22:38:00+00:00,33,1,9166,7491.0,7492.0,7491.0,7491.25,10,NQ.v.0
2019-06-16 22:39:00+00:00,33,1,9166,7492.0,7492.5,7492.0,7492.5,6,NQ.v.0
2019-06-16 22:40:00+00:00,33,1,9166,7492.0,7492.0,7492.0,7492.0,5,NQ.v.0
2019-06-16 22:41:00+00:00,33,1,9166,7491.25,7491.25,7490.25,7490.5,17,NQ.v.0
2019-06-16 22:42:00+00:00,33,1,9166,7490.5,7490.5,7490.25,7490.5,6,NQ.v.0
2019-06-16 22:43:00+00:00,33,1,9166,7491.0,7493.25,7491.0,7493.25,36,NQ.v.0
2019-06-16 22:44:00+00:00,33,1,9166,7493.25,7494.5,7492.25,7492.5,16,NQ.v.0
2019-06-16 22:45:00+00:00,33,1,9166,7493.25,7494.5,7493.25,7494.5,16,NQ.v.0
2019-06-16 22:46:00+00:00,33,1,9166,7494.0,7494.5,7494.0,7494.5,10,NQ.v.0
2019-06-16 22:47:00+00:00,33,1,9166,7494.5,7494.5,7493.5,7493.5,12,NQ.v.0
2019-06-16 22:48:00+00:00,33,1,9166,7493.0,7493.75,7492.75,7493.75,16,NQ.v.0
2019-06-16 22:49:00+00:00,33,1,9166,7493.75,7493.75,7493.75,7493.75,2,NQ.v.0
2019-06-16 22:50:00+00:00,33,1,9166,7493.75,7494.25,7493.75,7493.75,10,NQ.v.0
2019-06-16 22:51:00+00:00,33,1,9166,7494.25,7494.75,7494.0,7494.25,10,NQ.v.0
2019-06-16 22:52:00+00:00,33,1,9166,7494.0,7495.75,7494.0,7494.75,31,NQ.v.0
2019-06-16 22:53:00+00:00,33,1,9166,7494.75,7494.75,7494.5,7494.75,18,NQ.v.0
2019-06-16 22:54:00+00:00,33,1,9166,7494.5,7494.5,7491.25,7491.75,21,NQ.v.0
2019-06-16 22:55:00+00:00,33,1,9166,7491.5,7492.25,7491.5,7492.25,7,NQ.v.0
2019-06-16 22:56:00+00:00,33,1,9166,7492.25,7492.5,7492.0,7492.5,6,NQ.v.0
2019-06-16 22:57:00+00:00,33,1,9166,7492.75,7493.0,7492.5,7492.75,13,NQ.v.0
2019-06-16 22:58:00+00:00,33,1,9166,7492.5,7492.75,7492.25,7492.25,4,NQ.v.0
2019-06-16 22:59:00+00:00,33,1,9166,7492.5,7492.5,7492.25,7492.5,12,NQ.v.0
2019-06-16 23:00:00+00:00,33,1,9166,7492.25,7492.75,7492.25,7492.5,18,NQ.v.0
2019-06-16 23:01:00+00:00,33,1,9166,7492.0,7492.0,7492.0,7492.0,4,NQ.v.0
2019-06-16 23:02:00+00:00,33,1,9166,7491.75,7491.75,7491.75,7491.75,1,NQ.v.0
2019-06-16 23:03:00+00:00,33,1,9166,7491.75,7491.75,7490.5,7490.5,8,NQ.v.0
2019-06-16 23:04:00+00:00,33,1,9166,7490.5,7490.5,7489.75,7490.25,17,NQ.v.0
2019-06-16 23:05:00+00:00,33,1,9166,7490.25,7490.25,7490.0,7490.25,6,NQ.v.0
2019-06-16 23:06:00+00:00,33,1,9166,7490.0,7490.25,7489.0,7489.0,14,NQ.v.0
2019-06-16 23:07:00+00:00,33,1,9166,7489.5,7490.0,7488.75,7489.5,28,NQ.v.0
2019-06-16 23:08:00+00:00,33,1,9166,7489.75,7489.75,7489.25,7489.25,5,NQ.v.0
2019-06-16 23:09:00+00:00,33,1,9166,7489.25,7490.25,7489.25,7490.25,7,NQ.v.0
2019-06-16 23:10:00+00:00,33,1,9166,7490.5,7490.75,7490.25,7490.25,7,NQ.v.0
2019-06-16 23:11:00+00:00,33,1,9166,7490.25,7490.75,7490.0,7490.75,6,NQ.v.0
2019-06-16 23:12:00+00:00,33,1,9166,7490.5,7490.75,7490.25,7490.5,7,NQ.v.0
2019-06-16 23:13:00+00:00,33,1,9166,7490.5,7490.5,7490.25,7490.25,4,NQ.v.0
2019-06-16 23:14:00+00:00,33,1,9166,7490.5,7490.5,7490.0,7490.5,13,NQ.v.0
2019-06-16 23:15:00+00:00,33,1,9166,7490.25,7490.25,7489.75,7490.25,5,NQ.v.0
2019-06-16 23:16:00+00:00,33,1,9166,7490.5,7490.75,7490.5,7490.75,4,NQ.v.0
2019-06-16 23:17:00+00:00,33,1,9166,7491.0,7491.0,7490.5,7490.75,21,NQ.v.0
2019-06-16 23:18:00+00:00,33,1,9166,7490.75,7490.75,7490.75,7490.75,1,NQ.v.0
2019-06-16 23:19:00+00:00,33,1,9166,7490.75,7490.75,7490.0,7490.0,4,NQ.v.0
2019-06-16 23:20:00+00:00,33,1,9166,7490.0,7490.25,7489.75,7490.25,6,NQ.v.0
2019-06-16 23:22:00+00:00,33,1,9166,7490.75,7490.75,7490.5,7490.5,3,NQ.v.0
2019-06-16 23:23:00+00:00,33,1,9166,7490.25,7490.5,7489.5,7490.0,6,NQ.v.0
2019-06-16 23:24:00+00:00,33,1,9166,7490.0,7490.0,7490.0,7490.0,1,NQ.v.0
2019-06-16 23:25:00+00:00,33,1,9166,7490.25,7490.25,7490.25,7490.25,3,NQ.v.0
2019-06-16 23:26:00+00:00,33,1,9166,7490.25,7490.5,7490.25,7490.25,7,NQ.v.0
2019-06-16 23:27:00+00:00,33,1,9166,7491.0,7491.0,7490.25,7490.5,11,NQ.v.0
2019-06-16 23:28:00+00:00,33,1,9166,7490.5,7490.75,7490.5,7490.5,6,NQ.v.0
2019-06-16 23:29:00+00:00,33,1,9166,7490.75,7490.75,7490.5,7490.5,3,NQ.v.0
2019-06-16 23:31:00+00:00,33,1,9166,7490.75,7490.75,7490.5,7490.5,2,NQ.v.0
2019-06-16 23:32:00+00:00,33,1,9166,7490.0,7490.0,7489.5,7489.75,10,NQ.v.0
2019-06-16 23:33:00+00:00,33,1,9166,7490.0,7490.5,7490.0,7490.5,3,NQ.v.0
2019-06-16 23:34:00+00:00,33,1,9166,7490.5,7490.5,7490.5,7490.5,4,NQ.v.0
2019-06-16 23:35:00+00:00,33,1,9166,7490.75,7491.0,7490.75,7491.0,14,NQ.v.0
2019-06-16 23:36:00+00:00,33,1,9166,7491.0,7491.0,7490.75,7491.0,12,NQ.v.0
2019-06-16 23:37:00+00:00,33,1,9166,7491.25,7494.0,7491.25,7494.0,35,NQ.v.0
2019-06-16 23:38:00+00:00,33,1,9166,7494.0,7494.75,7493.75,7493.75,29,NQ.v.0
2019-06-16 23:39:00+00:00,33,1,9166,7493.5,7494.75,7493.5,7494.5,17,NQ.v.0
2019-06-16 23:40:00+00:00,33,1,9166,7495.0,7495.0,7494.25,7495.0,13,NQ.v.0
2019-06-16 23:41:00+00:00,33,1,9166,7495.0,7495.25,7494.75,7494.75,4,NQ.v.0
2019-06-16 23:42:00+00:00,33,1,9166,7494.75,7495.25,7494.5,7494.75,12,NQ.v.0
2019-06-16 23:43:00+00:00,33,1,9166,7494.25,7494.5,7493.75,7494.5,26,NQ.v.0
2019-06-16 23:44:00+00:00,33,1,9166,7494.25,7495.75,7494.25,7495.25,11,NQ.v.0
2019-06-16 23:45:00+00:00,33,1,9166,7495.75,7499.5,7495.75,7499.0,82,NQ.v.0
2019-06-16 23:46:00+00:00,33,1,9166,7499.0,7500.75,7499.0,7500.0,125,NQ.v.0
2019-06-16 23:47:00+00:00,33,1,9166,7499.75,7503.5,7499.75,7500.75,97,NQ.v.0
2019-06-16 23:48:00+00:00,33,1,9166,7500.25,7500.5,7498.5,7499.0,44,NQ.v.0
2019-06-16 23:49:00+00:00,33,1,9166,7498.75,7499.75,7498.75,7499.25,22,NQ.v.0
2019-06-16 23:50:00+00:00,33,1,9166,7499.0,7499.25,7498.0,7498.0,20,NQ.v.0
2019-06-16 23:51:00+00:00,33,1,9166,7498.0,7498.25,7496.75,7497.5,28,NQ.v.0
2019-06-16 23:52:00+00:00,33,1,9166,7498.0,7498.5,7498.0,7498.0,13,NQ.v.0
2019-06-16 23:53:00+00:00,33,1,9166,7498.25,7498.25,7497.75,7497.75,4,NQ.v.0
2019-06-16 23:54:00+00:00,33,1,9166,7497.75,7498.25,7497.75,7498.25,12,NQ.v.0
2019-06-16 23:55:00+00:00,33,1,9166,7498.5,7498.5,7498.25,7498.5,5,NQ.v.0
2019-06-16 23:56:00+00:00,33,1,9166,7498.0,7498.75,7498.0,7498.75,35,NQ.v.0
2019-06-16 23:57:00+00:00,33,1,9166,7498.75,7498.75,7498.25,7498.25,9,NQ.v.0
2019-06-16 23:58:00+00:00,33,1,9166,7498.25,7499.5,7498.25,7499.5,16,NQ.v.0
2019-06-16 23:59:00+00:00,33,1,9166,7499.75,7499.75,7498.25,7498.25,13,NQ.v.0
2019-06-17 00:00:00+00:00,33,1,9166,7498.0,7498.0,7495.5,7496.0,55,NQ.v.0
2019-06-17 00:01:00+00:00,33,1,9166,7496.25,7497.75,7494.5,7495.0,55,NQ.v.0
2019-06-17 00:02:00+00:00,33,1,9166,7494.25,7496.25,7493.5,7496.0,65,NQ.v.0
2019-06-17 00:03:00+00:00,33,1,9166,7496.25,7498.0,7495.5,7497.0,40,NQ.v.0
2019-06-17 00:04:00+00:00,33,1,9166,7497.0,7497.5,7496.0,7497.25,22,NQ.v.0
2019-06-17 00:05:00+00:00,33,1,9166,7497.75,7498.0,7494.75,7495.0,43,NQ.v.0
2019-06-17 00:06:00+00:00,33,1,9166,7494.75,7495.0,7493.25,7493.5,28,NQ.v.0
2019-06-17 00:07:00+00:00,33,1,9166,7493.5,7494.0,7492.25,7493.25,39,NQ.v.0
2019-06-17 00:08:00+00:00,33,1,9166,7493.0,7493.25,7492.25,7493.25,24,NQ.v.0
2019-06-17 00:09:00+00:00,33,1,9166,7493.5,7494.5,7493.5,7494.25,10,NQ.v.0
2019-06-17 00:10:00+00:00,33,1,9166,7494.5,7495.25,7493.5,7493.75,46,NQ.v.0
2019-06-17 00:11:00+00:00,33,1,9166,7493.5,7495.0,7493.5,7495.0,41,NQ.v.0
2019-06-17 00:12:00+00:00,33,1,9166,7494.75,7495.75,7494.5,7494.5,35,NQ.v.0
2019-06-17 00:13:00+00:00,33,1,9166,7494.5,7495.0,7494.25,7494.75,21,NQ.v.0
2019-06-17 00:14:00+00:00,33,1,9166,7494.25,7496.0,7493.75,7495.5,26,NQ.v.0
2019-06-17 00:15:00+00:00,33,1,9166,7495.5,7496.0,7494.5,7495.0,41,NQ.v.0
2019-06-17 00:16:00+00:00,33,1,9166,7494.0,7494.75,7493.75,7494.75,17,NQ.v.0
2019-06-17 00:17:00+00:00,33,1,9166,7494.75,7494.75,7492.0,7492.5,69,NQ.v.0
2019-06-17 00:18:00+00:00,33,1,9166,7492.5,7493.5,7492.0,7492.0,34,NQ.v.0
2019-06-17 00:19:00+00:00,33,1,9166,7492.0,7492.75,7491.75,7492.5,22,NQ.v.0
2019-06-17 00:20:00+00:00,33,1,9166,7492.75,7493.25,7492.25,7492.5,59,NQ.v.0
2019-06-17 00:21:00+00:00,33,1,9166,7492.25,7492.25,7491.25,7491.25,29,NQ.v.0
2019-06-17 00:22:00+00:00,33,1,9166,7491.0,7491.5,7490.5,7490.75,55,NQ.v.0
2019-06-17 00:23:00+00:00,33,1,9166,7490.5,7491.25,7490.25,7491.0,46,NQ.v.0
2019-06-17 00:24:00+00:00,33,1,9166,7491.0,7492.0,7490.25,7492.0,32,NQ.v.0
2019-06-17 00:25:00+00:00,33,1,9166,7491.5,7491.75,7490.25,7490.75,29,NQ.v.0
2019-06-17 00:26:00+00:00,33,1,9166,7491.0,7491.5,7490.75,7491.25,18,NQ.v.0
2019-06-17 00:27:00+00:00,33,1,9166,7491.0,7491.75,7490.25,7490.25,34,NQ.v.0
2019-06-17 00:28:00+00:00,33,1,9166,7490.75,7491.75,7490.5,7491.75,16,NQ.v.0
2019-06-17 00:29:00+00:00,33,1,9166,7491.5,7492.0,7491.25,7491.75,16,NQ.v.0
2019-06-17 00:30:00+00:00,33,1,9166,7491.5,7492.75,7491.5,7492.25,23,NQ.v.0
2019-06-17 00:31:00+00:00,33,1,9166,7492.0,7492.25,7491.5,7492.25,16,NQ.v.0
2019-06-17 00:32:00+00:00,33,1,9166,7492.75,7492.75,7491.75,7492.0,9,NQ.v.0
2019-06-17 00:33:00+00:00,33,1,9166,7492.25,7493.25,7492.25,7493.25,14,NQ.v.0
2019-06-17 00:34:00+00:00,33,1,9166,7493.0,7493.5,7492.5,7493.5,16,NQ.v.0
2019-06-17 00:35:00+00:00,33,1,9166,7494.0,7496.5,7493.75,7496.5,61,NQ.v.0
2019-06-17 00:36:00+00:00,33,1,9166,7496.25,7498.5,7496.25,7497.5,45,NQ.v.0
2019-06-17 00:37:00+00:00,33,1,9166,7498.0,7498.25,7497.0,7497.5,18,NQ.v.0
2019-06-17 00:38:00+00:00,33,1,9166,7497.25,7497.5,7496.75,7497.25,19,NQ.v.0
2019-06-17 00:39:00+00:00,33,1,9166,7496.75,7497.75,7496.75,7497.0,20,NQ.v.0
2019-06-17 00:40:00+00:00,33,1,9166,7497.0,7498.0,7496.25,7496.25,20,NQ.v.0
2019-06-17 00:41:00+00:00,33,1,9166,7496.25,7497.0,7496.25,7497.0,19,NQ.v.0
2019-06-17 00:42:00+00:00,33,1,9166,7496.5,7496.5,7495.5,7495.5,19,NQ.v.0
2019-06-17 00:43:00+00:00,33,1,9166,7495.25,7496.0,7494.5,7495.0,43,NQ.v.0
2019-06-17 00:44:00+00:00,33,1,9166,7495.0,7495.5,7494.75,7495.25,27,NQ.v.0
2019-06-17 00:45:00+00:00,33,1,9166,7494.5,7496.0,7494.5,7496.0,53,NQ.v.0
2019-06-17 00:46:00+00:00,33,1,9166,7495.25,7496.5,7495.25,7495.75,32,NQ.v.0
2019-06-17 00:47:00+00:00,33,1,9166,7495.75,7496.75,7495.75,7496.5,13,NQ.v.0
2019-06-17 00:48:00+00:00,33,1,9166,7496.0,7496.75,7495.75,7496.5,47,NQ.v.0
2019-06-17 00:49:00+00:00,33,1,9166,7496.75,7497.0,7496.25,7496.5,20,NQ.v.0
2019-06-17 00:50:00+00:00,33,1,9166,7496.5,7497.0,7496.25,7496.75,16,NQ.v.0
2019-06-17 00:51:00+00:00,33,1,9166,7496.75,7496.75,7495.25,7496.5,20,NQ.v.0
2019-06-17 00:52:00+00:00,33,1,9166,7496.25,7496.75,7495.5,7495.5,12,NQ.v.0
2019-06-17 00:53:00+00:00,33,1,9166,7495.5,7495.75,7495.0,7495.0,11,NQ.v.0
2019-06-17 00:54:00+00:00,33,1,9166,7495.25,7495.5,7495.0,7495.5,13,NQ.v.0
2019-06-17 00:55:00+00:00,33,1,9166,7495.25,7495.25,7495.0,7495.0,15,NQ.v.0
2019-06-17 00:56:00+00:00,33,1,9166,7495.25,7495.25,7494.75,7495.25,11,NQ.v.0
2019-06-17 00:57:00+00:00,33,1,9166,7494.75,7496.0,7494.5,7495.75,14,NQ.v.0
2019-06-17 00:58:00+00:00,33,1,9166,7495.75,7496.0,7495.5,7495.75,16,NQ.v.0
2019-06-17 00:59:00+00:00,33,1,9166,7496.0,7496.0,7495.75,7496.0,20,NQ.v.0
2019-06-17 01:00:00+00:00,33,1,9166,7496.0,7496.25,7492.25,7492.5,88,NQ.v.0
2019-06-17 01:01:00+00:00,33,1,9166,7492.5,7494.25,7492.25,7493.75,68,NQ.v.0
2019-06-17 01:02:00+00:00,33,1,9166,7493.5,7494.0,7493.0,7493.5,32,NQ.v.0
2019-06-17 01:03:00+00:00,33,1,9166,7493.75,7493.75,7492.5,7493.25,38,NQ.v.0
2019-06-17 01:04:00+00:00,33,1,9166,7493.25,7494.0,7493.0,7493.25,21,NQ.v.0
2019-06-17 01:05:00+00:00,33,1,9166,7493.25,7494.25,7493.25,7494.0,26,NQ.v.0
2019-06-17 01:06:00+00:00,33,1,9166,7493.75,7495.0,7493.75,7494.75,15,NQ.v.0
2019-06-17 01:07:00+00:00,33,1,9166,7494.75,7495.75,7494.5,7494.75,28,NQ.v.0
2019-06-17 01:08:00+00:00,33,1,9166,7494.75,7494.75,7493.25,7493.5,22,NQ.v.0
2019-06-17 01:09:00+00:00,33,1,9166,7493.0,7493.75,7491.75,7492.25,43,NQ.v.0
2019-06-17 01:10:00+00:00,33,1,9166,7492.5,7493.0,7492.0,7492.25,37,NQ.v.0
2019-06-17 01:11:00+00:00,33,1,9166,7492.5,7493.0,7492.25,7492.25,9,NQ.v.0
2019-06-17 01:12:00+00:00,33,1,9166,7492.5,7492.5,7492.0,7492.0,6,NQ.v.0
2019-06-17 01:13:00+00:00,33,1,9166,7492.25,7492.25,7491.5,7491.5,17,NQ.v.0
2019-06-17 01:14:00+00:00,33,1,9166,7491.25,7492.5,7491.25,7492.5,9,NQ.v.0
2019-06-17 01:15:00+00:00,33,1,9166,7492.25,7497.5,7492.25,7496.25,68,NQ.v.0
2019-06-17 01:16:00+00:00,33,1,9166,7496.25,7498.0,7496.0,7497.75,48,NQ.v.0
2019-06-17 01:17:00+00:00,33,1,9166,7497.25,7499.75,7497.25,7499.0,103,NQ.v.0
2019-06-17 01:18:00+00:00,33,1,9166,7498.75,7501.25,7498.5,7501.25,70,NQ.v.0
2019-06-17 01:19:00+00:00,33,1,9166,7500.75,7501.0,7500.25,7500.75,56,NQ.v.0
2019-06-17 01:20:00+00:00,33,1,9166,7501.0,7504.0,7500.75,7503.25,144,NQ.v.0
2019-06-17 01:21:00+00:00,33,1,9166,7503.5,7503.75,7501.25,7501.75,79,NQ.v.0
2019-06-17 01:22:00+00:00,33,1,9166,7502.0,7503.25,7502.0,7502.25,41,NQ.v.0
2019-06-17 01:23:00+00:00,33,1,9166,7502.25,7503.75,7502.25,7503.25,73,NQ.v.0
2019-06-17 01:24:00+00:00,33,1,9166,7503.5,7504.75,7503.5,7504.25,69,NQ.v.0
2019-06-17 01:25:00+00:00,33,1,9166,7504.75,7507.0,7504.5,7506.5,123,NQ.v.0
2019-06-17 01:26:00+00:00,33,1,9166,7505.75,7506.5,7504.75,7505.5,80,NQ.v.0
2019-06-17 01:27:00+00:00,33,1,9166,7505.5,7505.75,7503.0,7503.5,61,NQ.v.0
2019-06-17 01:28:00+00:00,33,1,9166,7503.75,7504.75,7503.75,7504.0,58,NQ.v.0
2019-06-17 01:29:00+00:00,33,1,9166,7504.25,7504.25,7502.75,7503.25,27,NQ.v.0
2019-06-17 01:30:00+00:00,33,1,9166,7503.0,7503.75,7502.25,7503.0,74,NQ.v.0
2019-06-17 01:31:00+00:00,33,1,9166,7503.5,7504.0,7502.75,7503.25,19,NQ.v.0
2019-06-17 01:32:00+00:00,33,1,9166,7504.0,7505.75,7503.75,7504.75,40,NQ.v.0
2019-06-17 01:33:00+00:00,33,1,9166,7504.25,7505.0,7503.75,7505.0,26,NQ.v.0
2019-06-17 01:34:00+00:00,33,1,9166,7504.5,7505.0,7504.25,7504.75,28,NQ.v.0
2019-06-17 01:35:00+00:00,33,1,9166,7505.0,7505.5,7504.25,7505.0,38,NQ.v.0
2019-06-17 01:36:00+00:00,33,1,9166,7505.5,7510.0,7505.5,7508.5,199,NQ.v.0
2019-06-17 01:37:00+00:00,33,1,9166,7508.0,7511.25,7508.0,7509.25,71,NQ.v.0
2019-06-17 01:38:00+00:00,33,1,9166,7509.75,7511.75,7509.5,7511.25,108,NQ.v.0
2019-06-17 01:39:00+00:00,33,1,9166,7511.75,7513.5,7511.25,7512.75,131,NQ.v.0
2019-06-17 01:40:00+00:00,33,1,9166,7512.5,7514.0,7512.0,7512.25,87,NQ.v.0
2019-06-17 01:41:00+00:00,33,1,9166,7512.25,7513.0,7511.0,7511.75,82,NQ.v.0
2019-06-17 01:42:00+00:00,33,1,9166,7512.0,7513.0,7512.0,7513.0,25,NQ.v.0
2019-06-17 01:43:00+00:00,33,1,9166,7513.25,7513.5,7512.0,7512.5,37,NQ.v.0
2019-06-17 01:44:00+00:00,33,1,9166,7513.0,7513.5,7512.0,7512.25,36,NQ.v.0
2019-06-17 01:45:00+00:00,33,1,9166,7513.0,7514.75,7513.0,7514.5,110,NQ.v.0
2019-06-17 01:46:00+00:00,33,1,9166,7514.0,7514.25,7512.75,7513.0,72,NQ.v.0
2019-06-17 01:47:00+00:00,33,1,9166,7513.0,7514.0,7513.0,7513.75,63,NQ.v.0
2019-06-17 01:48:00+00:00,33,1,9166,7513.75,7515.0,7513.5,7514.0,64,NQ.v.0
2019-06-17 01:49:00+00:00,33,1,9166,7513.75,7514.25,7512.75,7513.75,45,NQ.v.0
2019-06-17 01:50:00+00:00,33,1,9166,7513.75,7514.5,7513.25,7513.5,37,NQ.v.0
2019-06-17 01:51:00+00:00,33,1,9166,7514.0,7514.75,7513.75,7513.75,65,NQ.v.0
2019-06-17 01:52:00+00:00,33,1,9166,7514.0,7514.75,7514.0,7514.0,31,NQ.v.0
2019-06-17 01:53:00+00:00,33,1,9166,7514.25,7514.25,7511.0,7511.5,96,NQ.v.0
2019-06-17 01:54:00+00:00,33,1,9166,7512.0,7512.5,7511.75,7512.5,15,NQ.v.0
2019-06-17 01:55:00+00:00,33,1,9166,7512.25,7512.5,7511.5,7512.5,53,NQ.v.0
2019-06-17 01:56:00+00:00,33,1,9166,7512.5,7512.75,7512.25,7512.5,23,NQ.v.0
2019-06-17 01:57:00+00:00,33,1,9166,7512.75,7513.25,7512.5,7512.5,50,NQ.v.0
2019-06-17 01:58:00+00:00,33,1,9166,7512.75,7512.75,7512.0,7512.25,38,NQ.v.0
2019-06-17 01:59:00+00:00,33,1,9166,7512.5,7512.75,7512.25,7512.75,14,NQ.v.0
2019-06-17 02:00:00+00:00,33,1,9166,7512.75,7513.25,7511.5,7511.75,86,NQ.v.0
2019-06-17 02:01:00+00:00,33,1,9166,7512.25,7512.5,7510.25,7511.0,82,NQ.v.0
2019-06-17 02:02:00+00:00,33,1,9166,7511.25,7512.75,7511.25,7512.75,70,NQ.v.0
2019-06-17 02:03:00+00:00,33,1,9166,7513.0,7513.25,7512.25,7512.75,38,NQ.v.0
2019-06-17 02:04:00+00:00,33,1,9166,7512.75,7512.75,7512.0,7512.5,22,NQ.v.0
2019-06-17 02:05:00+00:00,33,1,9166,7512.5,7512.75,7512.0,7512.0,14,NQ.v.0
2019-06-17 02:06:00+00:00,33,1,9166,7512.0,7512.25,7511.25,7512.25,48,NQ.v.0
2019-06-17 02:07:00+00:00,33,1,9166,7512.0,7512.5,7511.75,7512.25,26,NQ.v.0
2019-06-17 02:08:00+00:00,33,1,9166,7512.25,7513.0,7512.0,7512.0,32,NQ.v.0
2019-06-17 02:09:00+00:00,33,1,9166,7512.0,7512.5,7512.0,7512.0,22,NQ.v.0
2019-06-17 02:10:00+00:00,33,1,9166,7512.25,7512.75,7511.5,7512.75,64,NQ.v.0
2019-06-17 02:11:00+00:00,33,1,9166,7513.0,7513.5,7512.25,7512.25,37,NQ.v.0
2019-06-17 02:12:00+00:00,33,1,9166,7512.25,7512.5,7512.25,7512.25,14,NQ.v.0
2019-06-17 02:13:00+00:00,33,1,9166,7512.25,7512.25,7511.25,7511.25,17,NQ.v.0
2019-06-17 02:14:00+00:00,33,1,9166,7511.5,7511.75,7511.25,7511.75,17,NQ.v.0
2019-06-17 02:15:00+00:00,33,1,9166,7511.75,7512.25,7511.5,7511.5,44,NQ.v.0
2019-06-17 02:16:00+00:00,33,1,9166,7511.25,7511.75,7511.0,7511.75,25,NQ.v.0
2019-06-17 02:17:00+00:00,33,1,9166,7511.5,7511.75,7511.5,7511.75,9,NQ.v.0
2019-06-17 02:18:00+00:00,33,1,9166,7511.5,7511.5,7510.75,7510.75,29,NQ.v.0
2019-06-17 02:19:00+00:00,33,1,9166,7510.75,7511.0,7510.25,7510.5,37,NQ.v.0
2019-06-17 02:20:00+00:00,33,1,9166,7510.25,7510.5,7508.75,7509.0,100,NQ.v.0
2019-06-17 02:21:00+00:00,33,1,9166,7509.0,7510.0,7508.5,7508.75,53,NQ.v.0
2019-06-17 02:22:00+00:00,33,1,9166,7508.75,7509.75,7508.75,7509.5,47,NQ.v.0
2019-06-17 02:23:00+00:00,33,1,9166,7509.0,7510.5,7509.0,7510.25,60,NQ.v.0
2019-06-17 02:24:00+00:00,33,1,9166,7510.25,7511.0,7510.0,7510.75,22,NQ.v.0
2019-06-17 02:25:00+00:00,33,1,9166,7511.0,7511.0,7510.5,7510.5,48,NQ.v.0
2019-06-17 02:26:00+00:00,33,1,9166,7510.75,7511.0,7510.5,7510.5,21,NQ.v.0
2019-06-17 02:27:00+00:00,33,1,9166,7510.5,7511.0,7510.5,7510.75,17,NQ.v.0
2019-06-17 02:28:00+00:00,33,1,9166,7510.75,7510.75,7510.0,7510.0,26,NQ.v.0
2019-06-17 02:29:00+00:00,33,1,9166,7510.0,7510.5,7509.75,7510.25,17,NQ.v.0
2019-06-17 02:30:00+00:00,33,1,9166,7510.0,7511.25,7510.0,7511.0,41,NQ.v.0
2019-06-17 02:31:00+00:00,33,1,9166,7510.75,7510.75,7510.0,7510.0,37,NQ.v.0
2019-06-17 02:32:00+00:00,33,1,9166,7510.0,7510.25,7509.75,7509.75,9,NQ.v.0
2019-06-17 02:33:00+00:00,33,1,9166,7510.0,7510.0,7508.5,7509.25,53,NQ.v.0
2019-06-17 02:34:00+00:00,33,1,9166,7509.25,7510.0,7509.25,7510.0,28,NQ.v.0
2019-06-17 02:35:00+00:00,33,1,9166,7510.0,7510.0,7509.25,7510.0,24,NQ.v.0
2019-06-17 02:36:00+00:00,33,1,9166,7510.25,7511.5,7510.0,7511.25,62,NQ.v.0
2019-06-17 02:37:00+00:00,33,1,9166,7511.25,7511.5,7510.25,7510.5,40,NQ.v.0
2019-06-17 02:38:00+00:00,33,1,9166,7510.5,7510.5,7509.25,7510.0,21,NQ.v.0
2019-06-17 02:39:00+00:00,33,1,9166,7509.75,7510.0,7509.75,7510.0,11,NQ.v.0
2019-06-17 02:40:00+00:00,33,1,9166,7509.75,7510.75,7509.75,7510.5,42,NQ.v.0
2019-06-17 02:41:00+00:00,33,1,9166,7510.75,7510.75,7509.25,7509.5,59,NQ.v.0
2019-06-17 02:42:00+00:00,33,1,9166,7509.75,7510.5,7509.75,7510.0,30,NQ.v.0
2019-06-17 02:43:00+00:00,33,1,9166,7510.25,7511.0,7510.25,7510.75,49,NQ.v.0
2019-06-17 02:44:00+00:00,33,1,9166,7510.5,7510.75,7510.5,7510.75,23,NQ.v.0
2019-06-17 02:45:00+00:00,33,1,9166,7510.25,7511.25,7510.0,7510.75,22,NQ.v.0
2019-06-17 02:46:00+00:00,33,1,9166,7511.0,7511.75,7511.0,7511.75,27,NQ.v.0
2019-06-17 02:47:00+00:00,33,1,9166,7511.75,7511.75,7511.0,7511.25,28,NQ.v.0
2019-06-17 02:48:00+00:00,33,1,9166,7511.5,7511.75,7511.25,7511.75,12,NQ.v.0
2019-06-17 02:49:00+00:00,33,1,9166,7512.0,7512.25,7511.5,7511.5,48,NQ.v.0
2019-06-17 02:50:00+00:00,33,1,9166,7511.5,7512.0,7511.5,7512.0,8,NQ.v.0
2019-06-17 02:51:00+00:00,33,1,9166,7512.25,7512.25,7512.25,7512.25,6,NQ.v.0
2019-06-17 02:52:00+00:00,33,1,9166,7512.25,7513.0,7512.0,7513.0,28,NQ.v.0
2019-06-17 02:53:00+00:00,33,1,9166,7513.0,7513.25,7512.5,7512.5,29,NQ.v.0
2019-06-17 02:54:00+00:00,33,1,9166,7512.5,7512.75,7512.25,7512.5,10,NQ.v.0
2019-06-17 02:55:00+00:00,33,1,9166,7512.0,7512.25,7511.5,7512.25,26,NQ.v.0
2019-06-17 02:56:00+00:00,33,1,9166,7512.25,7513.25,7511.75,7512.75,41,NQ.v.0
2019-06-17 02:57:00+00:00,33,1,9166,7513.0,7514.0,7513.0,7513.75,49,NQ.v.0
2019-06-17 02:58:00+00:00,33,1,9166,7513.5,7513.75,7513.0,7513.75,30,NQ.v.0
2019-06-17 02:59:00+00:00,33,1,9166,7513.75,7513.75,7513.5,7513.5,8,NQ.v.0
2019-06-17 03:00:00+00:00,33,1,9166,7513.25,7514.0,7513.0,7514.0,17,NQ.v.0
2019-06-17 03:01:00+00:00,33,1,9166,7514.0,7514.0,7513.0,7513.0,37,NQ.v.0
2019-06-17 03:02:00+00:00,33,1,9166,7513.0,7513.0,7512.25,7512.5,29,NQ.v.0
2019-06-17 03:03:00+00:00,33,1,9166,7512.5,7513.0,7512.25,7513.0,29,NQ.v.0
2019-06-17 03:04:00+00:00,33,1,9166,7512.5,7512.75,7512.25,7512.25,26,NQ.v.0
2019-06-17 03:05:00+00:00,33,1,9166,7512.25,7512.75,7512.25,7512.75,9,NQ.v.0
2019-06-17 03:06:00+00:00,33,1,9166,7512.75,7513.5,7512.75,7513.25,15,NQ.v.0
2019-06-17 03:07:00+00:00,33,1,9166,7513.25,7513.25,7512.75,7513.25,30,NQ.v.0
2019-06-17 03:08:00+00:00,33,1,9166,7513.0,7513.0,7512.5,7512.75,17,NQ.v.0
2019-06-17 03:09:00+00:00,33,1,9166,7512.75,7512.75,7512.25,7512.25,37,NQ.v.0
2019-06-17 03:10:00+00:00,33,1,9166,7512.25,7513.0,7512.0,7512.75,43,NQ.v.0
2019-06-17 03:11:00+00:00,33,1,9166,7513.0,7513.25,7512.5,7513.25,44,NQ.v.0
2019-06-17 03:12:00+00:00,33,1,9166,7513.75,7514.5,7513.5,7513.75,46,NQ.v.0
2019-06-17 03:13:00+00:00,33,1,9166,7514.0,7514.75,7514.0,7514.75,27,NQ.v.0
2019-06-17 03:14:00+00:00,33,1,9166,7514.5,7514.5,7514.25,7514.5,19,NQ.v.0
2019-06-17 03:15:00+00:00,33,1,9166,7514.25,7514.75,7514.25,7514.5,9,NQ.v.0
2019-06-17 03:16:00+00:00,33,1,9166,7514.75,7514.75,7513.25,7513.5,45,NQ.v.0
2019-06-17 03:17:00+00:00,33,1,9166,7513.25,7513.5,7513.0,7513.25,20,NQ.v.0
2019-06-17 03:18:00+00:00,33,1,9166,7513.25,7513.25,7512.0,7512.25,72,NQ.v.0
2019-06-17 03:19:00+00:00,33,1,9166,7511.75,7511.75,7510.75,7511.0,44,NQ.v.0
2019-06-17 03:20:00+00:00,33,1,9166,7511.0,7511.5,7510.75,7511.25,21,NQ.v.0
2019-06-17 03:21:00+00:00,33,1,9166,7511.0,7511.0,7510.25,7510.75,26,NQ.v.0
2019-06-17 03:22:00+00:00,33,1,9166,7510.75,7511.25,7510.75,7511.0,19,NQ.v.0
2019-06-17 03:23:00+00:00,33,1,9166,7510.5,7511.0,7510.25,7510.75,11,NQ.v.0
2019-06-17 03:24:00+00:00,33,1,9166,7510.75,7510.75,7510.0,7510.25,13,NQ.v.0
2019-06-17 03:25:00+00:00,33,1,9166,7510.0,7510.5,7509.5,7510.25,23,NQ.v.0
2019-06-17 03:26:00+00:00,33,1,9166,7509.5,7510.0,7509.5,7510.0,16,NQ.v.0
2019-06-17 03:27:00+00:00,33,1,9166,7509.75,7509.75,7509.0,7509.25,13,NQ.v.0
2019-06-17 03:28:00+00:00,33,1,9166,7509.25,7509.25,7508.25,7508.75,41,NQ.v.0
2019-06-17 03:29:00+00:00,33,1,9166,7508.75,7509.25,7508.75,7509.25,41,NQ.v.0
2019-06-17 03:30:00+00:00,33,1,9166,7509.0,7510.25,7509.0,7509.25,31,NQ.v.0
2019-06-17 03:31:00+00:00,33,1,9166,7509.25,7510.0,7509.0,7509.75,20,NQ.v.0
2019-06-17 03:32:00+00:00,33,1,9166,7510.0,7510.25,7509.75,7510.0,21,NQ.v.0
2019-06-17 03:33:00+00:00,33,1,9166,7510.0,7510.75,7509.75,7510.75,21,NQ.v.0
2019-06-17 03:34:00+00:00,33,1,9166,7511.0,7511.0,7510.75,7511.0,24,NQ.v.0
2019-06-17 03:35:00+00:00,33,1,9166,7511.25,7511.5,7511.0,7511.5,38,NQ.v.0
2019-06-17 03:36:00+00:00,33,1,9166,7511.25,7511.25,7510.75,7511.0,23,NQ.v.0
2019-06-17 03:37:00+00:00,33,1,9166,7511.0,7511.25,7510.5,7511.25,36,NQ.v.0
2019-06-17 03:38:00+00:00,33,1,9166,7511.25,7511.25,7511.0,7511.25,10,NQ.v.0
2019-06-17 03:39:00+00:00,33,1,9166,7511.0,7511.5,7511.0,7511.0,15,NQ.v.0
2019-06-17 03:40:00+00:00,33,1,9166,7511.25,7511.25,7510.75,7511.0,20,NQ.v.0
2019-06-17 03:41:00+00:00,33,1,9166,7511.5,7511.5,7511.25,7511.25,4,NQ.v.0
2019-06-17 03:42:00+00:00,33,1,9166,7511.25,7511.5,7511.0,7511.5,9,NQ.v.0
2019-06-17 03:43:00+00:00,33,1,9166,7511.5,7511.75,7511.25,7511.75,4,NQ.v.0
2019-06-17 03:44:00+00:00,33,1,9166,7512.0,7512.25,7511.75,7512.25,18,NQ.v.0
2019-06-17 03:45:00+00:00,33,1,9166,7512.25,7512.25,7512.0,7512.0,16,NQ.v.0
2019-06-17 03:46:00+00:00,33,1,9166,7512.0,7512.25,7512.0,7512.25,14,NQ.v.0
2019-06-17 03:47:00+00:00,33,1,9166,7512.25,7512.75,7512.25,7512.75,5,NQ.v.0
2019-06-17 03:48:00+00:00,33,1,9166,7512.25,7512.25,7512.0,7512.0,5,NQ.v.0
2019-06-17 03:49:00+00:00,33,1,9166,7512.0,7512.0,7511.75,7512.0,15,NQ.v.0
2019-06-17 03:50:00+00:00,33,1,9166,7511.75,7512.25,7511.75,7512.25,10,NQ.v.0
2019-06-17 03:51:00+00:00,33,1,9166,7512.25,7512.25,7512.0,7512.0,8,NQ.v.0
2019-06-17 03:53:00+00:00,33,1,9166,7512.0,7512.0,7512.0,7512.0,2,NQ.v.0
2019-06-17 03:54:00+00:00,33,1,9166,7512.5,7512.5,7512.25,7512.25,3,NQ.v.0
2019-06-17 03:55:00+00:00,33,1,9166,7512.0,7512.75,7512.0,7512.5,18,NQ.v.0
2019-06-17 03:56:00+00:00,33,1,9166,7512.5,7512.5,7512.0,7512.0,3,NQ.v.0
2019-06-17 03:57:00+00:00,33,1,9166,7511.75,7512.0,7511.25,7511.5,40,NQ.v.0
2019-06-17 03:58:00+00:00,33,1,9166,7511.5,7511.75,7511.5,7511.75,6,NQ.v.0
2019-06-17 03:59:00+00:00,33,1,9166,7511.75,7511.75,7511.0,7511.0,21,NQ.v.0
2019-06-17 04:00:00+00:00,33,1,9166,7511.25,7511.25,7510.75,7510.75,12,NQ.v.0
2019-06-17 04:01:00+00:00,33,1,9166,7511.0,7511.25,7510.75,7511.0,10,NQ.v.0
2019-06-17 04:02:00+00:00,33,1,9166,7511.0,7511.75,7511.0,7511.75,9,NQ.v.0
2019-06-17 04:03:00+00:00,33,1,9166,7511.75,7511.75,7511.5,7511.5,4,NQ.v.0
2019-06-17 04:04:00+00:00,33,1,9166,7511.75,7511.75,7511.5,7511.5,7,NQ.v.0
2019-06-17 04:05:00+00:00,33,1,9166,7511.75,7511.75,7511.75,7511.75,4,NQ.v.0
2019-06-17 04:06:00+00:00,33,1,9166,7511.75,7511.75,7511.75,7511.75,13,NQ.v.0
2019-06-17 04:07:00+00:00,33,1,9166,7511.5,7511.75,7511.5,7511.75,9,NQ.v.0
2019-06-17 04:08:00+00:00,33,1,9166,7511.75,7511.75,7511.5,7511.5,3,NQ.v.0
2019-06-17 04:09:00+00:00,33,1,9166,7511.5,7512.5,7511.5,7512.25,29,NQ.v.0
2019-06-17 04:10:00+00:00,33,1,9166,7512.25,7512.25,7511.25,7511.25,27,NQ.v.0
2019-06-17 04:11:00+00:00,33,1,9166,7511.25,7511.25,7511.0,7511.0,7,NQ.v.0
2019-06-17 04:12:00+00:00,33,1,9166,7510.75,7510.75,7510.5,7510.5,13,NQ.v.0
2019-06-17 04:13:00+00:00,33,1,9166,7510.5,7510.5,7510.5,7510.5,9,NQ.v.0
2019-06-17 04:14:00+00:00,33,1,9166,7510.5,7510.5,7510.25,7510.25,4,NQ.v.0
2019-06-17 04:15:00+00:00,33,1,9166,7510.75,7511.25,7510.5,7510.5,27,NQ.v.0
2019-06-17 04:16:00+00:00,33,1,9166,7510.5,7510.5,7509.5,7509.75,28,NQ.v.0
2019-06-17 04:17:00+00:00,33,1,9166,7510.0,7510.5,7508.75,7509.75,127,NQ.v.0
2019-06-17 04:18:00+00:00,33,1,9166,7509.75,7509.75,7509.5,7509.5,7,NQ.v.0
2019-06-17 04:19:00+00:00,33,1,9166,7509.5,7509.5,7509.25,7509.5,26,NQ.v.0
2019-06-17 04:20:00+00:00,33,1,9166,7509.5,7510.0,7508.25,7509.25,125,NQ.v.0
2019-06-17 04:21:00+00:00,33,1,9166,7508.75,7509.5,7507.75,7508.75,150,NQ.v.0
2019-06-17 04:22:00+00:00,33,1,9166,7508.5,7508.5,7508.5,7508.5,2,NQ.v.0
2019-06-17 04:23:00+00:00,33,1,9166,7508.5,7508.75,7508.5,7508.5,4,NQ.v.0
2019-06-17 04:24:00+00:00,33,1,9166,7508.5,7508.75,7508.25,7508.75,9,NQ.v.0
2019-06-17 04:25:00+00:00,33,1,9166,7508.75,7509.5,7508.75,7509.0,17,NQ.v.0
2019-06-17 04:26:00+00:00,33,1,9166,7509.5,7509.5,7508.75,7509.0,10,NQ.v.0
2019-06-17 04:27:00+00:00,33,1,9166,7509.25,7510.5,7508.25,7509.25,134,NQ.v.0
2019-06-17 04:28:00+00:00,33,1,9166,7509.0,7509.5,7509.0,7509.0,19,NQ.v.0
2019-06-17 04:29:00+00:00,33,1,9166,7509.0,7510.75,7509.0,7510.0,71,NQ.v.0
2019-06-17 04:30:00+00:00,33,1,9166,7510.0,7510.0,7508.25,7508.75,79,NQ.v.0
2019-06-17 04:31:00+00:00,33,1,9166,7508.75,7508.75,7508.25,7508.5,8,NQ.v.0
2019-06-17 04:32:00+00:00,33,1,9166,7508.25,7508.25,7508.25,7508.25,8,NQ.v.0
2019-06-17 04:33:00+00:00,33,1,9166,7508.25,7508.25,7508.25,7508.25,1,NQ.v.0
2019-06-17 04:34:00+00:00,33,1,9166,7508.5,7508.75,7508.25,7508.5,6,NQ.v.0
2019-06-17 04:35:00+00:00,33,1,9166,7508.75,7508.75,7508.75,7508.75,3,NQ.v.0
2019-06-17 04:36:00+00:00,33,1,9166,7509.0,7510.25,7507.5,7508.75,239,NQ.v.0
2019-06-17 04:37:00+00:00,33,1,9166,7508.5,7508.5,7508.25,7508.25,7,NQ.v.0
2019-06-17 04:38:00+00:00,33,1,9166,7508.5,7508.5,7508.5,7508.5,1,NQ.v.0
2019-06-17 04:39:00+00:00,33,1,9166,7508.5,7508.5,7508.25,7508.25,12,NQ.v.0
2019-06-17 04:40:00+00:00,33,1,9166,7508.5,7509.25,7508.5,7509.25,13,NQ.v.0
2019-06-17 04:41:00+00:00,33,1,9166,7509.25,7509.75,7509.0,7509.5,21,NQ.v.0
2019-06-17 04:42:00+00:00,33,1,9166,7509.75,7510.0,7509.5,7510.0,36,NQ.v.0
2019-06-17 04:43:00+00:00,33,1,9166,7510.0,7510.5,7508.5,7509.75,138,NQ.v.0
2019-06-17 04:44:00+00:00,33,1,9166,7510.0,7511.0,7510.0,7510.25,31,NQ.v.0
2019-06-17 04:45:00+00:00,33,1,9166,7510.25,7511.5,7509.5,7510.5,122,NQ.v.0
2019-06-17 04:46:00+00:00,33,1,9166,7510.25,7510.25,7509.25,7509.75,57,NQ.v.0
2019-06-17 04:47:00+00:00,33,1,9166,7509.75,7511.0,7509.0,7509.75,101,NQ.v.0
2019-06-17 04:48:00+00:00,33,1,9166,7510.0,7510.0,7510.0,7510.0,3,NQ.v.0
2019-06-17 04:49:00+00:00,33,1,9166,7510.25,7511.0,7510.25,7510.25,50,NQ.v.0
2019-06-17 04:51:00+00:00,33,1,9166,7511.0,7511.0,7510.75,7510.75,3,NQ.v.0
2019-06-17 04:52:00+00:00,33,1,9166,7511.0,7511.0,7511.0,7511.0,3,NQ.v.0
2019-06-17 04:53:00+00:00,33,1,9166,7511.0,7511.0,7511.0,7511.0,2,NQ.v.0
2019-06-17 04:54:00+00:00,33,1,9166,7510.75,7511.25,7510.5,7511.0,20,NQ.v.0
2019-06-17 04:55:00+00:00,33,1,9166,7511.0,7511.25,7510.75,7510.75,4,NQ.v.0
2019-06-17 04:56:00+00:00,33,1,9166,7510.75,7510.75,7510.5,7510.5,5,NQ.v.0
2019-06-17 04:57:00+00:00,33,1,9166,7510.75,7511.0,7510.75,7511.0,2,NQ.v.0
2019-06-17 04:58:00+00:00,33,1,9166,7511.0,7511.0,7510.75,7511.0,8,NQ.v.0
2019-06-17 04:59:00+00:00,33,1,9166,7511.0,7511.0,7510.75,7511.0,8,NQ.v.0
2019-06-17 05:00:00+00:00,33,1,9166,7510.75,7510.75,7509.0,7509.0,19,NQ.v.0
2019-06-17 05:01:00+00:00,33,1,9166,7508.75,7509.75,7508.75,7509.5,19,NQ.v.0
2019-06-17 05:02:00+00:00,33,1,9166,7509.75,7510.0,7509.5,7510.0,20,NQ.v.0
2019-06-17 05:03:00+00:00,33,1,9166,7509.75,7510.0,7509.75,7509.75,11,NQ.v.0
2019-06-17 05:04:00+00:00,33,1,9166,7509.75,7510.25,7509.75,7509.75,10,NQ.v.0
2019-06-17 05:05:00+00:00,33,1,9166,7509.75,7511.0,7509.75,7510.75,18,NQ.v.0
2019-06-17 05:06:00+00:00,33,1,9166,7511.25,7511.75,7511.0,7511.75,32,NQ.v.0
2019-06-17 05:07:00+00:00,33,1,9166,7511.5,7512.5,7511.5,7512.0,31,NQ.v.0
2019-06-17 05:08:00+00:00,33,1,9166,7512.0,7513.5,7512.0,7513.5,65,NQ.v.0
2019-06-17 05:09:00+00:00,33,1,9166,7513.0,7514.0,7513.0,7513.75,39,NQ.v.0
2019-06-17 05:10:00+00:00,33,1,9166,7513.5,7514.5,7513.5,7514.5,32,NQ.v.0
2019-06-17 05:11:00+00:00,33,1,9166,7514.25,7515.0,7514.0,7514.5,56,NQ.v.0
2019-06-17 05:12:00+00:00,33,1,9166,7514.75,7514.75,7514.25,7514.5,20,NQ.v.0
2019-06-17 05:13:00+00:00,33,1,9166,7514.5,7514.5,7514.25,7514.5,17,NQ.v.0
2019-06-17 05:14:00+00:00,33,1,9166,7514.75,7515.0,7514.5,7514.5,35,NQ.v.0
2019-06-17 05:15:00+00:00,33,1,9166,7514.25,7514.25,7514.0,7514.25,38,NQ.v.0
2019-06-17 05:16:00+00:00,33,1,9166,7514.25,7514.25,7513.75,7514.0,10,NQ.v.0
2019-06-17 05:17:00+00:00,33,1,9166,7514.25,7514.5,7514.25,7514.25,7,NQ.v.0
2019-06-17 05:18:00+00:00,33,1,9166,7514.25,7514.5,7514.25,7514.25,10,NQ.v.0
2019-06-17 05:19:00+00:00,33,1,9166,7514.5,7514.75,7514.0,7514.0,43,NQ.v.0
2019-06-17 05:20:00+00:00,33,1,9166,7514.0,7514.25,7514.0,7514.0,13,NQ.v.0
2019-06-17 05:21:00+00:00,33,1,9166,7514.0,7514.0,7512.75,7512.75,30,NQ.v.0
2019-06-17 05:22:00+00:00,33,1,9166,7513.0,7513.25,7512.5,7513.0,32,NQ.v.0
2019-06-17 05:23:00+00:00,33,1,9166,7513.0,7513.25,7513.0,7513.0,5,NQ.v.0
2019-06-17 05:24:00+00:00,33,1,9166,7513.0,7513.0,7513.0,7513.0,1,NQ.v.0
2019-06-17 05:25:00+00:00,33,1,9166,7513.0,7513.0,7512.75,7513.0,8,NQ.v.0
2019-06-17 05:26:00+00:00,33,1,9166,7512.75,7513.0,7512.5,7512.5,21,NQ.v.0
2019-06-17 05:27:00+00:00,33,1,9166,7512.75,7512.75,7512.5,7512.5,4,NQ.v.0
2019-06-17 05:28:00+00:00,33,1,9166,7512.25,7512.5,7511.75,7512.0,24,NQ.v.0
2019-06-17 05:29:00+00:00,33,1,9166,7511.75,7511.75,7511.5,7511.5,18,NQ.v.0
2019-06-17 05:30:00+00:00,33,1,9166,7511.75,7513.5,7511.75,7513.5,24,NQ.v.0
2019-06-17 05:31:00+00:00,33,1,9166,7513.25,7514.5,7513.25,7514.0,41,NQ.v.0
2019-06-17 05:32:00+00:00,33,1,9166,7514.0,7514.0,7513.25,7513.25,13,NQ.v.0
2019-06-17 05:33:00+00:00,33,1,9166,7513.0,7513.25,7513.0,7513.0,13,NQ.v.0
2019-06-17 05:34:00+00:00,33,1,9166,7513.5,7513.75,7513.5,7513.75,12,NQ.v.0
2019-06-17 05:35:00+00:00,33,1,9166,7513.5,7514.5,7513.5,7514.25,28,NQ.v.0
2019-06-17 05:36:00+00:00,33,1,9166,7514.5,7515.0,7514.5,7514.5,20,NQ.v.0
2019-06-17 05:37:00+00:00,33,1,9166,7514.25,7514.5,7514.25,7514.25,8,NQ.v.0
2019-06-17 05:38:00+00:00,33,1,9166,7514.25,7514.75,7514.25,7514.5,10,NQ.v.0
2019-06-17 05:39:00+00:00,33,1,9166,7514.5,7515.0,7514.0,7514.0,28,NQ.v.0
2019-06-17 05:40:00+00:00,33,1,9166,7513.75,7513.75,7512.5,7512.5,20,NQ.v.0
2019-06-17 05:41:00+00:00,33,1,9166,7512.5,7512.5,7512.5,7512.5,2,NQ.v.0
2019-06-17 05:42:00+00:00,33,1,9166,7512.75,7513.5,7512.75,7513.0,20,NQ.v.0
2019-06-17 05:43:00+00:00,33,1,9166,7512.75,7513.0,7512.75,7513.0,8,NQ.v.0
2019-06-17 05:44:00+00:00,33,1,9166,7512.75,7512.75,7511.75,7512.25,32,NQ.v.0
2019-06-17 05:45:00+00:00,33,1,9166,7512.25,7512.25,7511.5,7511.75,22,NQ.v.0
2019-06-17 05:46:00+00:00,33,1,9166,7511.75,7512.0,7511.75,7511.75,14,NQ.v.0
2019-06-17 05:47:00+00:00,33,1,9166,7511.75,7512.25,7511.5,7512.25,18,NQ.v.0
2019-06-17 05:48:00+00:00,33,1,9166,7512.0,7512.25,7512.0,7512.0,13,NQ.v.0
2019-06-17 05:49:00+00:00,33,1,9166,7512.0,7512.75,7512.0,7512.5,11,NQ.v.0
2019-06-17 05:50:00+00:00,33,1,9166,7512.25,7512.25,7511.75,7512.25,12,NQ.v.0
2019-06-17 05:51:00+00:00,33,1,9166,7512.25,7512.25,7512.0,7512.25,7,NQ.v.0
2019-06-17 05:52:00+00:00,33,1,9166,7512.25,7512.25,7512.25,7512.25,1,NQ.v.0
2019-06-17 05:53:00+00:00,33,1,9166,7512.25,7512.5,7511.25,7511.5,31,NQ.v.0
2019-06-17 05:54:00+00:00,33,1,9166,7511.5,7511.75,7511.5,7511.75,12,NQ.v.0
2019-06-17 05:55:00+00:00,33,1,9166,7512.0,7512.0,7511.75,7512.0,8,NQ.v.0
2019-06-17 05:56:00+00:00,33,1,9166,7512.0,7512.0,7511.0,7511.25,36,NQ.v.0
2019-06-17 05:57:00+00:00,33,1,9166,7511.0,7511.25,7510.5,7510.5,23,NQ.v.0
2019-06-17 05:58:00+00:00,33,1,9166,7510.25,7510.5,7510.0,7510.5,19,NQ.v.0
2019-06-17 05:59:00+00:00,33,1,9166,7510.5,7510.5,7507.75,7508.75,93,NQ.v.0
2019-06-17 06:00:00+00:00,33,1,9166,7508.75,7509.0,7506.5,7507.75,143,NQ.v.0
2019-06-17 06:01:00+00:00,33,1,9166,7507.75,7507.75,7506.5,7507.5,59,NQ.v.0
2019-06-17 06:02:00+00:00,33,1,9166,7507.0,7507.0,7506.25,7506.75,20,NQ.v.0
2019-06-17 06:03:00+00:00,33,1,9166,7506.25,7506.5,7505.0,7505.25,87,NQ.v.0
2019-06-17 06:04:00+00:00,33,1,9166,7505.0,7505.25,7503.25,7503.75,115,NQ.v.0
2019-06-17 06:05:00+00:00,33,1,9166,7503.75,7505.0,7503.75,7504.5,56,NQ.v.0
2019-06-17 06:06:00+00:00,33,1,9166,7504.75,7504.75,7504.5,7504.75,20,NQ.v.0
2019-06-17 06:07:00+00:00,33,1,9166,7504.5,7504.75,7504.5,7504.5,29,NQ.v.0
2019-06-17 06:08:00+00:00,33,1,9166,7504.5,7504.5,7503.5,7504.0,64,NQ.v.0
2019-06-17 06:09:00+00:00,33,1,9166,7504.25,7504.75,7503.5,7504.75,53,NQ.v.0
2019-06-17 06:10:00+00:00,33,1,9166,7504.5,7505.0,7503.75,7504.0,52,NQ.v.0
2019-06-17 06:11:00+00:00,33,1,9166,7504.0,7504.25,7503.25,7503.25,25,NQ.v.0
2019-06-17 06:12:00+00:00,33,1,9166,7503.25,7504.5,7503.25,7504.5,37,NQ.v.0
2019-06-17 06:13:00+00:00,33,1,9166,7504.25,7504.75,7503.75,7504.0,15,NQ.v.0
2019-06-17 06:14:00+00:00,33,1,9166,7503.75,7504.5,7503.75,7504.5,22,NQ.v.0
2019-06-17 06:15:00+00:00,33,1,9166,7504.25,7504.75,7503.75,7503.75,21,NQ.v.0
2019-06-17 06:16:00+00:00,33,1,9166,7504.5,7504.5,7504.25,7504.25,4,NQ.v.0
2019-06-17 06:17:00+00:00,33,1,9166,7504.75,7504.75,7504.0,7504.0,12,NQ.v.0
2019-06-17 06:18:00+00:00,33,1,9166,7504.0,7504.25,7504.0,7504.25,16,NQ.v.0
2019-06-17 06:19:00+00:00,33,1,9166,7504.5,7504.5,7504.0,7504.25,9,NQ.v.0
2019-06-17 06:20:00+00:00,33,1,9166,7504.5,7505.25,7504.0,7504.5,43,NQ.v.0
2019-06-17 06:21:00+00:00,33,1,9166,7504.75,7505.5,7504.75,7505.0,83,NQ.v.0
2019-06-17 06:22:00+00:00,33,1,9166,7505.0,7505.5,7505.0,7505.0,26,NQ.v.0
2019-06-17 06:23:00+00:00,33,1,9166,7504.75,7506.75,7504.5,7505.75,200,NQ.v.0
2019-06-17 06:24:00+00:00,33,1,9166,7505.5,7506.25,7505.5,7506.25,27,NQ.v.0
2019-06-17 06:25:00+00:00,33,1,9166,7505.75,7506.25,7505.5,7505.75,29,NQ.v.0
2019-06-17 06:26:00+00:00,33,1,9166,7506.0,7506.25,7505.75,7506.0,31,NQ.v.0
2019-06-17 06:27:00+00:00,33,1,9166,7506.25,7506.5,7505.0,7505.0,32,NQ.v.0
2019-06-17 06:28:00+00:00,33,1,9166,7505.5,7505.75,7504.75,7505.5,38,NQ.v.0
2019-06-17 06:29:00+00:00,33,1,9166,7505.75,7505.75,7504.75,7505.0,25,NQ.v.0
2019-06-17 06:30:00+00:00,33,1,9166,7505.5,7506.25,7504.75,7504.75,73,NQ.v.0
2019-06-17 06:31:00+00:00,33,1,9166,7504.75,7504.75,7502.25,7502.5,167,NQ.v.0
2019-06-17 06:32:00+00:00,33,1,9166,7502.25,7502.25,7501.0,7501.75,52,NQ.v.0
2019-06-17 06:33:00+00:00,33,1,9166,7501.5,7501.75,7500.5,7500.75,46,NQ.v.0
2019-06-17 06:34:00+00:00,33,1,9166,7500.5,7501.0,7500.0,7500.25,71,NQ.v.0
2019-06-17 06:35:00+00:00,33,1,9166,7500.0,7500.25,7499.25,7500.25,60,NQ.v.0
2019-06-17 06:36:00+00:00,33,1,9166,7500.0,7500.0,7499.25,7499.25,15,NQ.v.0
2019-06-17 06:37:00+00:00,33,1,9166,7499.25,7499.75,7499.25,7499.5,15,NQ.v.0
2019-06-17 06:38:00+00:00,33,1,9166,7499.5,7500.0,7499.25,7499.5,16,NQ.v.0
2019-06-17 06:39:00+00:00,33,1,9166,7499.5,7500.25,7499.0,7500.0,17,NQ.v.0
2019-06-17 06:40:00+00:00,33,1,9166,7499.75,7500.5,7499.75,7500.25,29,NQ.v.0
2019-06-17 06:41:00+00:00,33,1,9166,7500.25,7500.5,7500.0,7500.25,19,NQ.v.0
2019-06-17 06:42:00+00:00,33,1,9166,7500.5,7500.5,7500.25,7500.5,12,NQ.v.0
2019-06-17 06:43:00+00:00,33,1,9166,7500.5,7500.5,7499.75,7500.0,11,NQ.v.0
2019-06-17 06:44:00+00:00,33,1,9166,7500.0,7500.0,7499.25,7499.25,6,NQ.v.0
2019-06-17 06:45:00+00:00,33,1,9166,7499.0,7499.75,7499.0,7499.75,8,NQ.v.0
2019-06-17 06:46:00+00:00,33,1,9166,7500.0,7500.25,7499.75,7500.0,18,NQ.v.0
2019-06-17 06:47:00+00:00,33,1,9166,7500.25,7501.0,7500.0,7501.0,24,NQ.v.0
2019-06-17 06:48:00+00:00,33,1,9166,7500.5,7501.5,7500.25,7501.0,30,NQ.v.0
2019-06-17 06:49:00+00:00,33,1,9166,7501.0,7501.0,7500.25,7501.0,11,NQ.v.0
2019-06-17 06:50:00+00:00,33,1,9166,7501.0,7501.25,7500.75,7500.75,38,NQ.v.0
2019-06-17 06:51:00+00:00,33,1,9166,7501.5,7502.75,7501.5,7502.75,38,NQ.v.0
2019-06-17 06:52:00+00:00,33,1,9166,7502.75,7503.0,7502.25,7502.5,18,NQ.v.0
2019-06-17 06:53:00+00:00,33,1,9166,7502.25,7502.25,7501.5,7502.0,12,NQ.v.0
2019-06-17 06:54:00+00:00,33,1,9166,7501.75,7502.0,7501.75,7502.0,15,NQ.v.0
2019-06-17 06:55:00+00:00,33,1,9166,7502.25,7503.0,7501.75,7502.0,37,NQ.v.0
2019-06-17 06:56:00+00:00,33,1,9166,7502.25,7502.25,7501.0,7501.25,11,NQ.v.0
2019-06-17 06:57:00+00:00,33,1,9166,7501.0,7501.0,7500.0,7500.5,45,NQ.v.0
2019-06-17 06:58:00+00:00,33,1,9166,7500.0,7500.5,7499.25,7499.25,25,NQ.v.0
2019-06-17 06:59:00+00:00,33,1,9166,7499.5,7499.75,7499.0,7499.25,24,NQ.v.0
2019-06-17 07:00:00+00:00,33,1,9166,7499.25,7499.25,7495.5,7495.75,146,NQ.v.0
2019-06-17 07:01:00+00:00,33,1,9166,7496.0,7496.75,7495.0,7496.75,100,NQ.v.0
2019-06-17 07:02:00+00:00,33,1,9166,7496.5,7498.5,7496.5,7498.5,34,NQ.v.0
2019-06-17 07:03:00+00:00,33,1,9166,7498.25,7500.0,7498.25,7499.75,37,NQ.v.0
2019-06-17 07:04:00+00:00,33,1,9166,7499.25,7500.25,7496.75,7497.0,54,NQ.v.0
2019-06-17 07:05:00+00:00,33,1,9166,7497.0,7497.75,7496.75,7497.0,37,NQ.v.0
2019-06-17 07:06:00+00:00,33,1,9166,7496.75,7497.0,7493.5,7494.0,84,NQ.v.0
2019-06-17 07:07:00+00:00,33,1,9166,7493.75,7494.5,7491.75,7492.25,61,NQ.v.0
2019-06-17 07:08:00+00:00,33,1,9166,7491.75,7493.75,7491.5,7493.0,75,NQ.v.0
2019-06-17 07:09:00+00:00,33,1,9166,7493.0,7493.0,7491.0,7491.5,67,NQ.v.0
2019-06-17 07:10:00+00:00,33,1,9166,7491.25,7491.75,7490.0,7490.75,133,NQ.v.0
2019-06-17 07:11:00+00:00,33,1,9166,7491.0,7491.0,7488.5,7488.5,70,NQ.v.0
2019-06-17 07:12:00+00:00,33,1,9166,7488.5,7490.25,7487.75,7489.0,48,NQ.v.0
2019-06-17 07:13:00+00:00,33,1,9166,7488.5,7491.5,7488.0,7491.5,60,NQ.v.0
2019-06-17 07:14:00+00:00,33,1,9166,7491.25,7492.5,7491.25,7491.5,63,NQ.v.0
2019-06-17 07:15:00+00:00,33,1,9166,7492.25,7492.75,7491.25,7491.75,31,NQ.v.0
2019-06-17 07:16:00+00:00,33,1,9166,7492.0,7492.25,7491.5,7492.0,21,NQ.v.0
2019-06-17 07:17:00+00:00,33,1,9166,7491.75,7492.0,7490.25,7491.5,52,NQ.v.0
2019-06-17 07:18:00+00:00,33,1,9166,7492.0,7492.75,7491.75,7492.0,53,NQ.v.0
2019-06-17 07:19:00+00:00,33,1,9166,7492.0,7492.75,7491.25,7491.25,38,NQ.v.0
2019-06-17 07:20:00+00:00,33,1,9166,7492.0,7493.5,7492.0,7493.0,31,NQ.v.0
2019-06-17 07:21:00+00:00,33,1,9166,7492.0,7492.0,7491.0,7491.0,31,NQ.v.0
2019-06-17 07:22:00+00:00,33,1,9166,7491.0,7492.0,7490.75,7492.0,14,NQ.v.0
2019-06-17 07:23:00+00:00,33,1,9166,7492.0,7493.0,7492.0,7492.25,29,NQ.v.0
2019-06-17 07:24:00+00:00,33,1,9166,7492.0,7492.75,7491.75,7492.25,28,NQ.v.0
2019-06-17 07:25:00+00:00,33,1,9166,7491.5,7493.5,7491.25,7493.25,49,NQ.v.0
2019-06-17 07:26:00+00:00,33,1,9166,7493.25,7495.5,7493.0,7495.25,64,NQ.v.0
2019-06-17 07:27:00+00:00,33,1,9166,7495.5,7501.25,7495.5,7501.0,170,NQ.v.0
2019-06-17 07:28:00+00:00,33,1,9166,7501.0,7501.25,7499.0,7499.25,94,NQ.v.0
2019-06-17 07:29:00+00:00,33,1,9166,7499.25,7501.0,7499.25,7500.25,38,NQ.v.0
2019-06-17 07:30:00+00:00,33,1,9166,7499.75,7502.75,7499.75,7501.75,120,NQ.v.0
2019-06-17 07:31:00+00:00,33,1,9166,7502.0,7502.5,7500.75,7502.5,70,NQ.v.0
2019-06-17 07:32:00+00:00,33,1,9166,7502.75,7503.25,7500.5,7500.5,66,NQ.v.0
2019-06-17 07:33:00+00:00,33,1,9166,7500.5,7501.0,7499.75,7500.25,35,NQ.v.0
2019-06-17 07:34:00+00:00,33,1,9166,7500.0,7500.75,7499.75,7500.5,49,NQ.v.0
2019-06-17 07:35:00+00:00,33,1,9166,7501.0,7501.25,7500.0,7501.0,27,NQ.v.0
2019-06-17 07:36:00+00:00,33,1,9166,7501.0,7502.0,7500.75,7500.75,38,NQ.v.0
2019-06-17 07:37:00+00:00,33,1,9166,7501.0,7501.25,7500.0,7500.0,30,NQ.v.0
2019-06-17 07:38:00+00:00,33,1,9166,7500.0,7501.25,7500.0,7500.25,62,NQ.v.0
2019-06-17 07:39:00+00:00,33,1,9166,7500.0,7501.75,7500.0,7501.0,37,NQ.v.0
2019-06-17 07:40:00+00:00,33,1,9166,7501.25,7503.75,7501.25,7503.0,108,NQ.v.0
2019-06-17 07:41:00+00:00,33,1,9166,7503.0,7503.0,7500.25,7501.0,54,NQ.v.0
2019-06-17 07:42:00+00:00,33,1,9166,7501.75,7502.0,7501.5,7501.75,24,NQ.v.0
2019-06-17 07:43:00+00:00,33,1,9166,7502.0,7502.5,7501.0,7501.0,57,NQ.v.0
2019-06-17 07:44:00+00:00,33,1,9166,7501.5,7502.0,7498.0,7498.0,137,NQ.v.0
2019-06-17 07:45:00+00:00,33,1,9166,7498.75,7500.75,7498.75,7500.75,33,NQ.v.0
2019-06-17 07:46:00+00:00,33,1,9166,7501.5,7502.0,7500.5,7500.75,35,NQ.v.0
2019-06-17 07:47:00+00:00,33,1,9166,7500.75,7501.5,7500.25,7500.75,19,NQ.v.0
2019-06-17 07:48:00+00:00,33,1,9166,7501.0,7501.0,7499.75,7500.0,46,NQ.v.0
2019-06-17 07:49:00+00:00,33,1,9166,7500.25,7500.5,7498.75,7499.5,87,NQ.v.0
2019-06-17 07:50:00+00:00,33,1,9166,7499.0,7500.5,7498.5,7499.5,36,NQ.v.0
2019-06-17 07:51:00+00:00,33,1,9166,7499.25,7499.75,7499.0,7499.25,20,NQ.v.0
2019-06-17 07:52:00+00:00,33,1,9166,7499.75,7499.75,7497.5,7498.0,45,NQ.v.0
2019-06-17 07:53:00+00:00,33,1,9166,7498.5,7499.0,7497.5,7497.5,21,NQ.v.0
2019-06-17 07:54:00+00:00,33,1,9166,7497.75,7498.0,7497.5,7497.75,23,NQ.v.0
2019-06-17 07:55:00+00:00,33,1,9166,7498.0,7498.0,7496.25,7496.25,31,NQ.v.0
2019-06-17 07:56:00+00:00,33,1,9166,7495.75,7496.25,7495.25,7495.25,43,NQ.v.0
2019-06-17 07:57:00+00:00,33,1,9166,7495.0,7495.25,7491.0,7491.75,109,NQ.v.0
2019-06-17 07:58:00+00:00,33,1,9166,7491.75,7492.0,7491.0,7492.0,43,NQ.v.0
2019-06-17 07:59:00+00:00,33,1,9166,7492.25,7492.75,7491.5,7492.75,44,NQ.v.0
2019-06-17 08:00:00+00:00,33,1,9166,7493.0,7493.0,7490.5,7491.25,83,NQ.v.0
2019-06-17 08:01:00+00:00,33,1,9166,7492.0,7492.0,7491.25,7492.0,57,NQ.v.0
2019-06-17 08:02:00+00:00,33,1,9166,7491.75,7492.0,7490.25,7490.75,54,NQ.v.0
2019-06-17 08:03:00+00:00,33,1,9166,7490.5,7490.5,7489.75,7490.25,43,NQ.v.0
2019-06-17 08:04:00+00:00,33,1,9166,7490.0,7491.5,7490.0,7490.75,40,NQ.v.0
2019-06-17 08:05:00+00:00,33,1,9166,7491.25,7492.75,7491.25,7492.5,51,NQ.v.0
2019-06-17 08:06:00+00:00,33,1,9166,7492.75,7495.0,7492.5,7495.0,48,NQ.v.0
2019-06-17 08:07:00+00:00,33,1,9166,7494.75,7496.25,7494.25,7496.0,52,NQ.v.0
2019-06-17 08:08:00+00:00,33,1,9166,7496.25,7497.0,7496.0,7497.0,31,NQ.v.0
2019-06-17 08:09:00+00:00,33,1,9166,7496.75,7496.75,7496.0,7496.75,23,NQ.v.0
2019-06-17 08:10:00+00:00,33,1,9166,7496.75,7497.0,7496.25,7496.25,33,NQ.v.0
2019-06-17 08:11:00+00:00,33,1,9166,7496.0,7497.0,7496.0,7496.75,21,NQ.v.0
2019-06-17 08:12:00+00:00,33,1,9166,7496.0,7498.5,7496.0,7498.25,31,NQ.v.0
2019-06-17 08:13:00+00:00,33,1,9166,7498.0,7498.0,7497.5,7497.5,35,NQ.v.0
2019-06-17 08:14:00+00:00,33,1,9166,7497.5,7499.0,7497.5,7498.5,30,NQ.v.0
2019-06-17 08:15:00+00:00,33,1,9166,7498.5,7499.0,7498.25,7498.5,40,NQ.v.0
2019-06-17 08:16:00+00:00,33,1,9166,7498.75,7498.75,7497.5,7498.25,25,NQ.v.0
2019-06-17 08:17:00+00:00,33,1,9166,7497.75,7498.5,7497.5,7498.25,24,NQ.v.0
2019-06-17 08:18:00+00:00,33,1,9166,7498.0,7499.75,7498.0,7499.0,57,NQ.v.0
2019-06-17 08:19:00+00:00,33,1,9166,7499.25,7499.25,7497.25,7497.25,17,NQ.v.0
2019-06-17 08:20:00+00:00,33,1,9166,7497.25,7497.75,7497.0,7497.5,18,NQ.v.0
2019-06-17 08:21:00+00:00,33,1,9166,7497.25,7498.5,7497.25,7497.75,24,NQ.v.0
2019-06-17 08:22:00+00:00,33,1,9166,7497.75,7497.75,7496.25,7496.25,41,NQ.v.0
2019-06-17 08:23:00+00:00,33,1,9166,7496.25,7496.5,7495.5,7496.5,25,NQ.v.0
2019-06-17 08:24:00+00:00,33,1,9166,7495.5,7495.5,7494.5,7494.75,53,NQ.v.0
2019-06-17 08:25:00+00:00,33,1,9166,7494.75,7495.0,7493.75,7493.75,51,NQ.v.0
2019-06-17 08:26:00+00:00,33,1,9166,7494.0,7495.0,7493.75,7495.0,20,NQ.v.0
2019-06-17 08:27:00+00:00,33,1,9166,7495.0,7495.0,7494.0,7494.5,15,NQ.v.0
2019-06-17 08:28:00+00:00,33,1,9166,7494.0,7494.5,7494.0,7494.0,16,NQ.v.0
2019-06-17 08:29:00+00:00,33,1,9166,7494.0,7495.0,7493.75,7494.0,38,NQ.v.0
2019-06-17 08:30:00+00:00,33,1,9166,7494.5,7496.75,7494.5,7496.25,68,NQ.v.0
2019-06-17 08:31:00+00:00,33,1,9166,7496.0,7496.0,7495.0,7495.5,18,NQ.v.0
2019-06-17 08:32:00+00:00,33,1,9166,7495.75,7498.25,7495.75,7497.25,47,NQ.v.0
2019-06-17 08:33:00+00:00,33,1,9166,7497.25,7497.5,7496.5,7496.75,24,NQ.v.0
2019-06-17 08:34:00+00:00,33,1,9166,7496.5,7497.5,7496.5,7497.0,14,NQ.v.0
2019-06-17 08:35:00+00:00,33,1,9166,7497.0,7497.5,7496.5,7496.75,26,NQ.v.0
2019-06-17 08:36:00+00:00,33,1,9166,7496.75,7497.0,7496.25,7496.25,26,NQ.v.0
2019-06-17 08:37:00+00:00,33,1,9166,7496.5,7496.5,7493.5,7494.0,60,NQ.v.0
2019-06-17 08:38:00+00:00,33,1,9166,7494.0,7495.75,7494.0,7495.25,46,NQ.v.0
2019-06-17 08:39:00+00:00,33,1,9166,7495.25,7496.5,7495.25,7496.25,26,NQ.v.0
2019-06-17 08:40:00+00:00,33,1,9166,7495.75,7496.75,7495.75,7496.5,27,NQ.v.0
2019-06-17 08:41:00+00:00,33,1,9166,7496.5,7497.75,7496.5,7497.5,21,NQ.v.0
2019-06-17 08:42:00+00:00,33,1,9166,7497.25,7497.25,7496.5,7496.75,34,NQ.v.0
2019-06-17 08:43:00+00:00,33,1,9166,7497.0,7497.25,7496.75,7497.0,22,NQ.v.0
2019-06-17 08:44:00+00:00,33,1,9166,7497.25,7497.25,7497.0,7497.0,8,NQ.v.0
2019-06-17 08:45:00+00:00,33,1,9166,7496.5,7496.5,7496.0,7496.0,12,NQ.v.0
2019-06-17 08:46:00+00:00,33,1,9166,7495.5,7496.25,7495.5,7496.0,19,NQ.v.0
2019-06-17 08:47:00+00:00,33,1,9166,7495.5,7495.5,7493.25,7493.5,100,NQ.v.0
2019-06-17 08:48:00+00:00,33,1,9166,7493.75,7495.0,7493.75,7495.0,41,NQ.v.0
2019-06-17 08:49:00+00:00,33,1,9166,7495.25,7495.25,7494.0,7494.0,18,NQ.v.0
2019-06-17 08:50:00+00:00,33,1,9166,7494.25,7494.5,7493.75,7494.25,19,NQ.v.0
2019-06-17 08:51:00+00:00,33,1,9166,7494.25,7495.75,7494.25,7495.75,25,NQ.v.0
2019-06-17 08:52:00+00:00,33,1,9166,7496.0,7496.0,7495.5,7495.75,7,NQ.v.0
2019-06-17 08:53:00+00:00,33,1,9166,7495.75,7498.0,7495.75,7497.75,43,NQ.v.0
2019-06-17 08:54:00+00:00,33,1,9166,7497.75,7498.25,7497.75,7497.75,22,NQ.v.0
2019-06-17 08:55:00+00:00,33,1,9166,7498.25,7499.0,7497.75,7497.75,28,NQ.v.0
2019-06-17 08:56:00+00:00,33,1,9166,7497.5,7497.75,7497.25,7497.5,19,NQ.v.0
2019-06-17 08:57:00+00:00,33,1,9166,7497.25,7497.5,7496.5,7497.0,32,NQ.v.0
2019-06-17 08:58:00+00:00,33,1,9166,7497.0,7498.5,7496.75,7498.5,18,NQ.v.0
2019-06-17 08:59:00+00:00,33,1,9166,7498.5,7498.75,7498.0,7498.25,36,NQ.v.0
2019-06-17 09:00:00+00:00,33,1,9166,7499.0,7500.75,7498.5,7499.0,89,NQ.v.0
2019-06-17 09:01:00+00:00,33,1,9166,7499.5,7499.75,7498.5,7499.5,48,NQ.v.0
2019-06-17 09:02:00+00:00,33,1,9166,7499.5,7501.0,7499.25,7501.0,77,NQ.v.0
2019-06-17 09:03:00+00:00,33,1,9166,7500.75,7504.5,7500.25,7503.5,141,NQ.v.0
2019-06-17 09:04:00+00:00,33,1,9166,7503.75,7504.25,7502.25,7502.5,45,NQ.v.0
2019-06-17 09:05:00+00:00,33,1,9166,7502.75,7504.0,7502.75,7503.75,28,NQ.v.0
2019-06-17 09:06:00+00:00,33,1,9166,7504.0,7504.0,7502.5,7502.5,21,NQ.v.0
2019-06-17 09:07:00+00:00,33,1,9166,7502.25,7502.5,7500.75,7501.25,68,NQ.v.0
2019-06-17 09:08:00+00:00,33,1,9166,7501.25,7502.0,7501.0,7501.5,13,NQ.v.0
2019-06-17 09:09:00+00:00,33,1,9166,7501.5,7503.75,7501.25,7503.5,72,NQ.v.0
2019-06-17 09:10:00+00:00,33,1,9166,7503.75,7504.75,7502.0,7502.75,130,NQ.v.0
2019-06-17 09:11:00+00:00,33,1,9166,7502.5,7503.75,7502.25,7502.25,85,NQ.v.0
2019-06-17 09:12:00+00:00,33,1,9166,7502.25,7502.5,7500.5,7500.5,106,NQ.v.0
2019-06-17 09:13:00+00:00,33,1,9166,7500.5,7501.5,7499.0,7499.25,119,NQ.v.0
2019-06-17 09:14:00+00:00,33,1,9166,7499.5,7502.0,7499.5,7502.0,161,NQ.v.0
2019-06-17 09:15:00+00:00,33,1,9166,7501.75,7502.25,7500.75,7500.75,135,NQ.v.0
2019-06-17 09:16:00+00:00,33,1,9166,7500.75,7501.0,7499.75,7499.75,86,NQ.v.0
2019-06-17 09:17:00+00:00,33,1,9166,7499.75,7499.75,7498.5,7499.0,188,NQ.v.0
2019-06-17 09:18:00+00:00,33,1,9166,7499.0,7500.0,7498.5,7499.75,104,NQ.v.0
2019-06-17 09:19:00+00:00,33,1,9166,7499.75,7500.75,7498.25,7498.75,221,NQ.v.0
2019-06-17 09:20:00+00:00,33,1,9166,7499.0,7499.0,7496.75,7497.25,149,NQ.v.0
2019-06-17 09:21:00+00:00,33,1,9166,7497.25,7498.75,7497.25,7498.25,20,NQ.v.0
2019-06-17 09:22:00+00:00,33,1,9166,7498.5,7499.25,7497.75,7498.75,19,NQ.v.0
2019-06-17 09:23:00+00:00,33,1,9166,7498.75,7498.75,7498.0,7498.0,19,NQ.v.0
2019-06-17 09:24:00+00:00,33,1,9166,7498.0,7498.5,7497.5,7498.25,12,NQ.v.0
2019-06-17 09:25:00+00:00,33,1,9166,7498.0,7498.25,7497.0,7497.25,29,NQ.v.0
2019-06-17 09:26:00+00:00,33,1,9166,7497.75,7498.0,7496.5,7496.75,33,NQ.v.0
2019-06-17 09:27:00+00:00,33,1,9166,7497.0,7498.25,7497.0,7498.25,32,NQ.v.0
2019-06-17 09:28:00+00:00,33,1,9166,7498.25,7500.25,7498.25,7500.25,50,NQ.v.0
2019-06-17 09:29:00+00:00,33,1,9166,7500.25,7500.5,7499.75,7500.25,18,NQ.v.0
2019-06-17 09:30:00+00:00,33,1,9166,7500.25,7500.25,7499.75,7500.0,13,NQ.v.0
2019-06-17 09:31:00+00:00,33,1,9166,7500.25,7500.5,7500.25,7500.25,10,NQ.v.0
2019-06-17 09:32:00+00:00,33,1,9166,7500.5,7500.5,7499.75,7500.0,12,NQ.v.0
2019-06-17 09:33:00+00:00,33,1,9166,7500.0,7500.25,7499.75,7500.25,8,NQ.v.0
2019-06-17 09:34:00+00:00,33,1,9166,7500.25,7500.25,7499.75,7500.25,14,NQ.v.0
2019-06-17 09:35:00+00:00,33,1,9166,7500.25,7500.25,7499.0,7499.25,22,NQ.v.0
2019-06-17 09:36:00+00:00,33,1,9166,7499.75,7500.25,7499.75,7499.75,5,NQ.v.0
2019-06-17 09:37:00+00:00,33,1,9166,7500.0,7500.0,7499.5,7499.5,12,NQ.v.0
2019-06-17 09:38:00+00:00,33,1,9166,7499.25,7499.25,7497.25,7497.75,36,NQ.v.0
2019-06-17 09:39:00+00:00,33,1,9166,7497.75,7497.75,7497.25,7497.5,11,NQ.v.0
2019-06-17 09:40:00+00:00,33,1,9166,7497.75,7498.5,7497.0,7498.5,14,NQ.v.0
2019-06-17 09:41:00+00:00,33,1,9166,7498.5,7498.5,7498.5,7498.5,2,NQ.v.0
2019-06-17 09:42:00+00:00,33,1,9166,7498.5,7499.75,7498.5,7499.75,13,NQ.v.0
2019-06-17 09:43:00+00:00,33,1,9166,7499.75,7499.75,7497.5,7497.75,20,NQ.v.0
2019-06-17 09:44:00+00:00,33,1,9166,7497.0,7497.0,7494.5,7495.25,111,NQ.v.0
2019-06-17 09:45:00+00:00,33,1,9166,7494.5,7494.5,7492.5,7493.25,90,NQ.v.0
2019-06-17 09:46:00+00:00,33,1,9166,7493.75,7493.75,7492.25,7492.25,60,NQ.v.0
2019-06-17 09:47:00+00:00,33,1,9166,7492.25,7492.75,7491.5,7492.25,57,NQ.v.0
2019-06-17 09:48:00+00:00,33,1,9166,7492.25,7492.75,7492.0,7492.25,28,NQ.v.0
2019-06-17 09:49:00+00:00,33,1,9166,7492.75,7494.25,7492.75,7493.75,50,NQ.v.0
2019-06-17 09:50:00+00:00,33,1,9166,7493.5,7496.25,7493.5,7495.5,65,NQ.v.0
2019-06-17 09:51:00+00:00,33,1,9166,7496.0,7496.0,7495.25,7495.5,20,NQ.v.0
2019-06-17 09:52:00+00:00,33,1,9166,7496.0,7496.0,7495.0,7495.0,14,NQ.v.0
2019-06-17 09:53:00+00:00,33,1,9166,7495.25,7495.75,7494.75,7495.0,13,NQ.v.0
2019-06-17 09:54:00+00:00,33,1,9166,7495.25,7496.0,7495.25,7495.5,8,NQ.v.0
2019-06-17 09:55:00+00:00,33,1,9166,7495.5,7496.5,7495.0,7495.25,25,NQ.v.0
2019-06-17 09:56:00+00:00,33,1,9166,7495.0,7495.75,7495.0,7495.0,9,NQ.v.0
2019-06-17 09:57:00+00:00,33,1,9166,7494.5,7495.0,7494.0,7494.0,9,NQ.v.0
2019-06-17 09:58:00+00:00,33,1,9166,7493.75,7494.25,7493.75,7494.0,10,NQ.v.0
2019-06-17 09:59:00+00:00,33,1,9166,7494.5,7494.5,7493.25,7494.5,25,NQ.v.0
2019-06-17 10:00:00+00:00,33,1,9166,7494.75,7495.25,7494.25,7495.25,17,NQ.v.0
2019-06-17 10:01:00+00:00,33,1,9166,7495.0,7495.5,7495.0,7495.25,18,NQ.v.0
2019-06-17 10:02:00+00:00,33,1,9166,7495.0,7496.0,7494.75,7494.75,26,NQ.v.0
2019-06-17 10:03:00+00:00,33,1,9166,7494.75,7494.75,7492.75,7492.75,35,NQ.v.0
2019-06-17 10:04:00+00:00,33,1,9166,7492.75,7493.0,7492.0,7492.75,32,NQ.v.0
2019-06-17 10:05:00+00:00,33,1,9166,7492.75,7492.75,7491.25,7491.25,28,NQ.v.0
2019-06-17 10:06:00+00:00,33,1,9166,7491.25,7492.25,7491.0,7491.5,50,NQ.v.0
2019-06-17 10:07:00+00:00,33,1,9166,7492.0,7492.5,7491.5,7492.25,19,NQ.v.0
2019-06-17 10:08:00+00:00,33,1,9166,7492.75,7492.75,7491.5,7491.75,22,NQ.v.0
2019-06-17 10:09:00+00:00,33,1,9166,7491.5,7491.5,7490.75,7491.25,5,NQ.v.0
2019-06-17 10:10:00+00:00,33,1,9166,7491.75,7492.25,7490.75,7492.25,30,NQ.v.0
2019-06-17 10:11:00+00:00,33,1,9166,7491.75,7492.25,7491.75,7492.0,18,NQ.v.0
2019-06-17 10:12:00+00:00,33,1,9166,7491.5,7491.75,7489.5,7489.75,55,NQ.v.0
2019-06-17 10:13:00+00:00,33,1,9166,7489.5,7489.5,7489.0,7489.5,39,NQ.v.0
2019-06-17 10:14:00+00:00,33,1,9166,7489.25,7489.5,7489.0,7489.25,25,NQ.v.0
2019-06-17 10:15:00+00:00,33,1,9166,7488.75,7489.0,7487.75,7489.0,48,NQ.v.0
2019-06-17 10:16:00+00:00,33,1,9166,7489.0,7490.75,7488.5,7490.0,38,NQ.v.0
2019-06-17 10:17:00+00:00,33,1,9166,7490.25,7490.25,7489.5,7489.75,11,NQ.v.0
2019-06-17 10:18:00+00:00,33,1,9166,7490.0,7491.0,7490.0,7491.0,20,NQ.v.0
2019-06-17 10:19:00+00:00,33,1,9166,7491.25,7491.25,7490.75,7490.75,13,NQ.v.0
2019-06-17 10:20:00+00:00,33,1,9166,7490.75,7490.75,7490.25,7490.25,12,NQ.v.0
2019-06-17 10:21:00+00:00,33,1,9166,7490.75,7490.75,7488.75,7488.75,33,NQ.v.0
2019-06-17 10:22:00+00:00,33,1,9166,7488.75,7488.75,7488.25,7488.75,17,NQ.v.0
2019-06-17 10:23:00+00:00,33,1,9166,7489.0,7490.25,7489.0,7490.25,13,NQ.v.0
2019-06-17 10:24:00+00:00,33,1,9166,7490.0,7490.0,7489.25,7489.25,9,NQ.v.0
2019-06-17 10:25:00+00:00,33,1,9166,7489.25,7490.5,7489.0,7490.25,13,NQ.v.0
2019-06-17 10:26:00+00:00,33,1,9166,7490.25,7490.25,7490.0,7490.0,5,NQ.v.0
2019-06-17 10:27:00+00:00,33,1,9166,7490.0,7490.0,7489.25,7489.25,10,NQ.v.0
2019-06-17 10:28:00+00:00,33,1,9166,7489.0,7490.25,7488.75,7490.25,9,NQ.v.0
2019-06-17 10:29:00+00:00,33,1,9166,7490.0,7490.25,7489.75,7489.75,13,NQ.v.0
2019-06-17 10:30:00+00:00,33,1,9166,7489.5,7489.75,7488.5,7489.75,65,NQ.v.0
2019-06-17 10:31:00+00:00,33,1,9166,7490.0,7491.0,7490.0,7490.25,13,NQ.v.0
2019-06-17 10:32:00+00:00,33,1,9166,7490.0,7490.5,7489.25,7489.25,23,NQ.v.0
2019-06-17 10:33:00+00:00,33,1,9166,7489.25,7490.25,7489.25,7489.5,21,NQ.v.0
2019-06-17 10:34:00+00:00,33,1,9166,7489.25,7489.25,7488.25,7488.5,42,NQ.v.0
2019-06-17 10:35:00+00:00,33,1,9166,7489.0,7489.5,7488.25,7489.5,8,NQ.v.0
2019-06-17 10:36:00+00:00,33,1,9166,7488.75,7488.75,7488.5,7488.5,4,NQ.v.0
2019-06-17 10:37:00+00:00,33,1,9166,7488.75,7489.25,7487.75,7488.25,20,NQ.v.0
2019-06-17 10:38:00+00:00,33,1,9166,7488.25,7489.0,7488.25,7489.0,18,NQ.v.0
2019-06-17 10:39:00+00:00,33,1,9166,7488.5,7488.5,7487.75,7487.75,11,NQ.v.0
2019-06-17 10:40:00+00:00,33,1,9166,7487.25,7487.25,7486.5,7487.25,84,NQ.v.0
2019-06-17 10:41:00+00:00,33,1,9166,7487.25,7489.25,7487.0,7489.25,34,NQ.v.0
2019-06-17 10:42:00+00:00,33,1,9166,7489.25,7489.5,7488.75,7489.5,24,NQ.v.0
2019-06-17 10:43:00+00:00,33,1,9166,7489.5,7489.75,7489.0,7489.5,19,NQ.v.0
2019-06-17 10:44:00+00:00,33,1,9166,7489.5,7489.75,7489.0,7489.75,18,NQ.v.0
2019-06-17 10:45:00+00:00,33,1,9166,7489.75,7490.5,7489.5,7490.25,22,NQ.v.0
2019-06-17 10:46:00+00:00,33,1,9166,7490.5,7490.75,7489.75,7489.75,35,NQ.v.0
2019-06-17 10:47:00+00:00,33,1,9166,7490.5,7490.5,7489.75,7489.75,16,NQ.v.0
2019-06-17 10:48:00+00:00,33,1,9166,7490.0,7490.5,7490.0,7490.25,17,NQ.v.0
2019-06-17 10:49:00+00:00,33,1,9166,7490.25,7490.5,7490.0,7490.5,18,NQ.v.0
2019-06-17 10:50:00+00:00,33,1,9166,7490.25,7490.5,7489.5,7490.0,25,NQ.v.0
2019-06-17 10:51:00+00:00,33,1,9166,7490.0,7491.25,7490.0,7490.25,46,NQ.v.0
2019-06-17 10:52:00+00:00,33,1,9166,7489.75,7490.5,7489.5,7489.5,21,NQ.v.0
2019-06-17 10:53:00+00:00,33,1,9166,7489.5,7489.5,7486.5,7486.75,81,NQ.v.0
2019-06-17 10:54:00+00:00,33,1,9166,7486.5,7486.5,7484.25,7484.25,142,NQ.v.0
2019-06-17 10:55:00+00:00,33,1,9166,7484.25,7484.75,7482.75,7484.5,111,NQ.v.0
2019-06-17 10:56:00+00:00,33,1,9166,7484.75,7484.75,7483.25,7483.5,50,NQ.v.0
2019-06-17 10:57:00+00:00,33,1,9166,7483.25,7485.0,7483.25,7485.0,40,NQ.v.0
2019-06-17 10:58:00+00:00,33,1,9166,7485.0,7485.0,7484.0,7484.5,25,NQ.v.0
2019-06-17 10:59:00+00:00,33,1,9166,7484.5,7486.25,7484.5,7485.75,48,NQ.v.0
2019-06-17 11:00:00+00:00,33,1,9166,7486.0,7486.75,7486.0,7486.25,51,NQ.v.0
2019-06-17 11:01:00+00:00,33,1,9166,7486.5,7486.75,7486.0,7486.5,34,NQ.v.0
2019-06-17 11:02:00+00:00,33,1,9166,7486.75,7487.0,7486.25,7486.75,44,NQ.v.0
2019-06-17 11:03:00+00:00,33,1,9166,7486.5,7487.75,7486.5,7487.5,38,NQ.v.0
2019-06-17 11:04:00+00:00,33,1,9166,7487.0,7487.5,7486.5,7487.5,27,NQ.v.0
2019-06-17 11:05:00+00:00,33,1,9166,7487.25,7487.75,7486.0,7486.25,40,NQ.v.0
2019-06-17 11:06:00+00:00,33,1,9166,7486.25,7486.25,7484.75,7485.0,48,NQ.v.0
2019-06-17 11:07:00+00:00,33,1,9166,7484.75,7485.0,7483.0,7483.5,45,NQ.v.0
2019-06-17 11:08:00+00:00,33,1,9166,7483.5,7484.0,7482.75,7483.75,105,NQ.v.0
2019-06-17 11:09:00+00:00,33,1,9166,7483.75,7484.75,7483.75,7483.75,35,NQ.v.0
2019-06-17 11:10:00+00:00,33,1,9166,7483.75,7486.25,7483.75,7485.5,29,NQ.v.0
2019-06-17 11:11:00+00:00,33,1,9166,7485.5,7487.75,7485.5,7487.75,35,NQ.v.0
2019-06-17 11:12:00+00:00,33,1,9166,7487.75,7487.75,7487.0,7487.0,35,NQ.v.0
2019-06-17 11:13:00+00:00,33,1,9166,7486.75,7487.0,7486.5,7486.5,24,NQ.v.0
2019-06-17 11:14:00+00:00,33,1,9166,7486.5,7487.25,7486.0,7486.25,35,NQ.v.0
2019-06-17 11:15:00+00:00,33,1,9166,7486.5,7487.5,7486.5,7487.5,22,NQ.v.0
2019-06-17 11:16:00+00:00,33,1,9166,7487.5,7488.5,7487.5,7488.5,25,NQ.v.0
2019-06-17 11:17:00+00:00,33,1,9166,7488.5,7489.75,7488.5,7488.5,101,NQ.v.0
2019-06-17 11:18:00+00:00,33,1,9166,7488.5,7489.5,7488.5,7489.25,27,NQ.v.0
2019-06-17 11:19:00+00:00,33,1,9166,7489.75,7491.25,7489.5,7490.75,55,NQ.v.0
2019-06-17 11:20:00+00:00,33,1,9166,7491.0,7493.25,7491.0,7492.25,107,NQ.v.0
2019-06-17 11:21:00+00:00,33,1,9166,7492.75,7494.25,7492.75,7494.25,80,NQ.v.0
2019-06-17 11:22:00+00:00,33,1,9166,7494.0,7495.0,7493.5,7494.25,45,NQ.v.0
2019-06-17 11:23:00+00:00,33,1,9166,7494.0,7494.0,7493.5,7493.75,34,NQ.v.0
2019-06-17 11:24:00+00:00,33,1,9166,7493.5,7493.75,7493.0,7493.0,24,NQ.v.0
2019-06-17 11:25:00+00:00,33,1,9166,7493.25,7494.0,7493.25,7493.5,28,NQ.v.0
2019-06-17 11:26:00+00:00,33,1,9166,7493.25,7493.25,7491.75,7491.75,56,NQ.v.0
2019-06-17 11:27:00+00:00,33,1,9166,7492.0,7492.25,7491.25,7492.0,41,NQ.v.0
2019-06-17 11:28:00+00:00,33,1,9166,7491.75,7493.25,7491.75,7492.0,38,NQ.v.0
2019-06-17 11:29:00+00:00,33,1,9166,7492.5,7493.0,7492.25,7492.25,20,NQ.v.0
2019-06-17 11:30:00+00:00,33,1,9166,7492.5,7492.75,7490.75,7490.75,21,NQ.v.0
2019-06-17 11:31:00+00:00,33,1,9166,7491.0,7493.25,7491.0,7492.25,53,NQ.v.0
2019-06-17 11:32:00+00:00,33,1,9166,7492.25,7493.25,7491.75,7492.75,25,NQ.v.0
2019-06-17 11:33:00+00:00,33,1,9166,7493.0,7493.5,7492.5,7493.0,25,NQ.v.0
2019-06-17 11:34:00+00:00,33,1,9166,7493.0,7495.25,7493.0,7494.75,82,NQ.v.0
2019-06-17 11:35:00+00:00,33,1,9166,7494.75,7494.75,7493.75,7494.25,30,NQ.v.0
2019-06-17 11:36:00+00:00,33,1,9166,7494.0,7494.25,7493.5,7493.75,20,NQ.v.0
2019-06-17 11:37:00+00:00,33,1,9166,7493.0,7493.5,7492.75,7492.75,27,NQ.v.0
2019-06-17 11:38:00+00:00,33,1,9166,7492.75,7492.75,7491.0,7492.75,55,NQ.v.0
2019-06-17 11:39:00+00:00,33,1,9166,7492.5,7492.5,7491.25,7492.0,28,NQ.v.0
2019-06-17 11:40:00+00:00,33,1,9166,7492.0,7492.75,7491.75,7492.0,28,NQ.v.0
2019-06-17 11:41:00+00:00,33,1,9166,7492.0,7493.75,7492.0,7492.75,24,NQ.v.0
2019-06-17 11:42:00+00:00,33,1,9166,7494.0,7494.25,7493.0,7494.25,68,NQ.v.0
2019-06-17 11:43:00+00:00,33,1,9166,7494.5,7495.75,7494.5,7495.0,63,NQ.v.0
2019-06-17 11:44:00+00:00,33,1,9166,7495.25,7496.5,7495.25,7495.75,99,NQ.v.0
2019-06-17 11:45:00+00:00,33,1,9166,7495.75,7496.25,7495.25,7495.5,24,NQ.v.0
2019-06-17 11:46:00+00:00,33,1,9166,7495.25,7495.25,7494.25,7494.25,20,NQ.v.0
2019-06-17 11:47:00+00:00,33,1,9166,7494.5,7494.5,7494.0,7494.5,35,NQ.v.0
2019-06-17 11:48:00+00:00,33,1,9166,7494.25,7495.75,7494.25,7494.5,62,NQ.v.0
2019-06-17 11:49:00+00:00,33,1,9166,7494.75,7495.0,7494.5,7494.75,31,NQ.v.0
2019-06-17 11:50:00+00:00,33,1,9166,7494.75,7494.75,7493.5,7494.0,73,NQ.v.0
2019-06-17 11:51:00+00:00,33,1,9166,7494.0,7494.75,7493.75,7494.5,35,NQ.v.0
2019-06-17 11:52:00+00:00,33,1,9166,7494.75,7496.0,7494.5,7495.5,52,NQ.v.0
2019-06-17 11:53:00+00:00,33,1,9166,7495.5,7496.5,7495.5,7496.25,46,NQ.v.0
2019-06-17 11:54:00+00:00,33,1,9166,7496.25,7499.75,7496.25,7499.5,156,NQ.v.0
2019-06-17 11:55:00+00:00,33,1,9166,7499.5,7502.0,7499.25,7502.0,168,NQ.v.0
2019-06-17 11:56:00+00:00,33,1,9166,7502.25,7503.75,7502.0,7503.0,160,NQ.v.0
2019-06-17 11:57:00+00:00,33,1,9166,7502.75,7503.0,7502.0,7502.5,52,NQ.v.0
2019-06-17 11:58:00+00:00,33,1,9166,7502.5,7502.75,7501.5,7502.5,63,NQ.v.0
2019-06-17 11:59:00+00:00,33,1,9166,7502.75,7502.75,7500.5,7500.5,64,NQ.v.0
2019-06-17 12:00:00+00:00,33,1,9166,7501.0,7502.75,7500.5,7501.5,109,NQ.v.0
2019-06-17 12:01:00+00:00,33,1,9166,7501.5,7501.75,7500.75,7501.0,35,NQ.v.0
2019-06-17 12:02:00+00:00,33,1,9166,7500.75,7502.0,7500.75,7501.75,27,NQ.v.0
2019-06-17 12:03:00+00:00,33,1,9166,7502.0,7502.5,7500.0,7500.25,55,NQ.v.0
2019-06-17 12:04:00+00:00,33,1,9166,7500.25,7502.0,7499.5,7501.75,64,NQ.v.0
2019-06-17 12:05:00+00:00,33,1,9166,7501.5,7502.0,7500.0,7502.0,29,NQ.v.0
2019-06-17 12:06:00+00:00,33,1,9166,7502.25,7502.25,7500.75,7501.25,19,NQ.v.0
2019-06-17 12:07:00+00:00,33,1,9166,7501.75,7502.25,7500.5,7502.25,35,NQ.v.0
2019-06-17 12:08:00+00:00,33,1,9166,7502.25,7504.25,7502.0,7503.5,58,NQ.v.0
2019-06-17 12:09:00+00:00,33,1,9166,7503.25,7503.5,7502.25,7503.25,43,NQ.v.0
2019-06-17 12:10:00+00:00,33,1,9166,7503.25,7503.5,7502.25,7502.5,38,NQ.v.0
2019-06-17 12:11:00+00:00,33,1,9166,7502.75,7503.0,7499.5,7500.25,76,NQ.v.0
2019-06-17 12:12:00+00:00,33,1,9166,7500.25,7500.25,7498.0,7498.0,74,NQ.v.0
2019-06-17 12:13:00+00:00,33,1,9166,7498.75,7501.5,7498.75,7500.0,73,NQ.v.0
2019-06-17 12:14:00+00:00,33,1,9166,7500.25,7500.5,7496.25,7497.5,180,NQ.v.0
2019-06-17 12:15:00+00:00,33,1,9166,7498.0,7498.5,7495.25,7497.0,236,NQ.v.0
2019-06-17 12:16:00+00:00,33,1,9166,7497.0,7497.5,7495.25,7496.25,152,NQ.v.0
2019-06-17 12:17:00+00:00,33,1,9166,7496.25,7498.0,7496.0,7497.5,33,NQ.v.0
2019-06-17 12:18:00+00:00,33,1,9166,7497.0,7498.0,7497.0,7497.25,24,NQ.v.0
2019-06-17 12:19:00+00:00,33,1,9166,7497.25,7498.75,7497.0,7498.75,27,NQ.v.0
2019-06-17 12:20:00+00:00,33,1,9166,7498.25,7499.5,7498.0,7499.0,51,NQ.v.0
2019-06-17 12:21:00+00:00,33,1,9166,7499.25,7499.25,7498.75,7499.25,25,NQ.v.0
2019-06-17 12:22:00+00:00,33,1,9166,7499.0,7499.5,7498.75,7499.5,16,NQ.v.0
2019-06-17 12:23:00+00:00,33,1,9166,7499.5,7500.75,7499.5,7500.75,33,NQ.v.0
2019-06-17 12:24:00+00:00,33,1,9166,7501.0,7501.0,7500.0,7500.25,27,NQ.v.0
2019-06-17 12:25:00+00:00,33,1,9166,7500.25,7500.25,7499.5,7499.5,26,NQ.v.0
2019-06-17 12:26:00+00:00,33,1,9166,7500.0,7500.25,7499.0,7499.0,26,NQ.v.0
2019-06-17 12:27:00+00:00,33,1,9166,7499.0,7499.25,7498.0,7498.25,24,NQ.v.0
2019-06-17 12:28:00+00:00,33,1,9166,7498.5,7499.25,7498.0,7499.0,28,NQ.v.0
2019-06-17 12:29:00+00:00,33,1,9166,7499.25,7499.25,7498.5,7499.0,19,NQ.v.0
2019-06-17 12:30:00+00:00,33,1,9166,7499.0,7499.0,7495.75,7498.5,94,NQ.v.0
2019-06-17 12:31:00+00:00,33,1,9166,7498.5,7500.75,7498.5,7499.25,95,NQ.v.0
2019-06-17 12:32:00+00:00,33,1,9166,7499.25,7499.5,7494.0,7494.25,166,NQ.v.0
2019-06-17 12:33:00+00:00,33,1,9166,7494.75,7496.5,7494.75,7496.25,52,NQ.v.0
2019-06-17 12:34:00+00:00,33,1,9166,7496.25,7496.75,7495.0,7495.25,50,NQ.v.0
2019-06-17 12:35:00+00:00,33,1,9166,7495.5,7496.5,7495.5,7496.0,33,NQ.v.0
2019-06-17 12:36:00+00:00,33,1,9166,7496.25,7497.0,7495.0,7495.25,101,NQ.v.0
2019-06-17 12:37:00+00:00,33,1,9166,7495.25,7496.25,7494.75,7496.25,34,NQ.v.0
2019-06-17 12:38:00+00:00,33,1,9166,7495.75,7496.25,7494.75,7495.0,59,NQ.v.0
2019-06-17 12:39:00+00:00,33,1,9166,7495.0,7495.0,7493.75,7494.75,62,NQ.v.0
2019-06-17 12:40:00+00:00,33,1,9166,7494.5,7494.5,7492.5,7493.5,86,NQ.v.0
2019-06-17 12:41:00+00:00,33,1,9166,7493.5,7494.75,7493.25,7493.5,43,NQ.v.0
2019-06-17 12:42:00+00:00,33,1,9166,7493.75,7494.5,7493.75,7494.5,12,NQ.v.0
2019-06-17 12:43:00+00:00,33,1,9166,7494.75,7495.5,7494.0,7495.25,48,NQ.v.0
2019-06-17 12:44:00+00:00,33,1,9166,7495.75,7497.25,7495.5,7496.5,85,NQ.v.0
2019-06-17 12:45:00+00:00,33,1,9166,7496.75,7497.75,7496.5,7497.75,61,NQ.v.0
2019-06-17 12:46:00+00:00,33,1,9166,7498.0,7498.75,7497.25,7498.0,98,NQ.v.0
2019-06-17 12:47:00+00:00,33,1,9166,7497.75,7498.5,7497.75,7498.0,57,NQ.v.0
2019-06-17 12:48:00+00:00,33,1,9166,7497.75,7497.75,7496.5,7496.75,51,NQ.v.0
2019-06-17 12:49:00+00:00,33,1,9166,7496.75,7497.0,7495.5,7496.75,74,NQ.v.0
2019-06-17 12:50:00+00:00,33,1,9166,7496.5,7496.5,7494.25,7495.0,85,NQ.v.0
2019-06-17 12:51:00+00:00,33,1,9166,7494.75,7497.25,7494.75,7496.75,73,NQ.v.0
2019-06-17 12:52:00+00:00,33,1,9166,7497.25,7497.25,7496.25,7496.5,28,NQ.v.0
2019-06-17 12:53:00+00:00,33,1,9166,7496.5,7496.75,7495.5,7496.25,51,NQ.v.0
2019-06-17 12:54:00+00:00,33,1,9166,7496.25,7496.75,7493.5,7493.75,64,NQ.v.0
2019-06-17 12:55:00+00:00,33,1,9166,7494.0,7494.0,7491.25,7491.25,229,NQ.v.0
2019-06-17 12:56:00+00:00,33,1,9166,7491.5,7493.75,7490.75,7491.25,263,NQ.v.0
2019-06-17 12:57:00+00:00,33,1,9166,7491.5,7491.75,7487.75,7488.0,243,NQ.v.0
2019-06-17 12:58:00+00:00,33,1,9166,7488.0,7489.75,7487.5,7487.5,144,NQ.v.0
2019-06-17 12:59:00+00:00,33,1,9166,7487.5,7490.0,7487.5,7489.5,109,NQ.v.0
2019-06-17 13:00:00+00:00,33,1,9166,7489.5,7492.5,7488.75,7491.75,131,NQ.v.0
2019-06-17 13:01:00+00:00,33,1,9166,7492.0,7493.5,7490.0,7493.0,234,NQ.v.0
2019-06-17 13:02:00+00:00,33,1,9166,7493.75,7494.75,7493.25,7493.75,134,NQ.v.0
2019-06-17 13:03:00+00:00,33,1,9166,7494.25,7498.25,7494.25,7498.25,115,NQ.v.0
2019-06-17 13:04:00+00:00,33,1,9166,7498.0,7498.5,7496.5,7497.5,78,NQ.v.0
2019-06-17 13:05:00+00:00,33,1,9166,7497.5,7498.75,7497.25,7498.75,61,NQ.v.0
2019-06-17 13:06:00+00:00,33,1,9166,7499.0,7499.25,7497.5,7497.5,112,NQ.v.0
2019-06-17 13:07:00+00:00,33,1,9166,7497.25,7497.5,7496.0,7497.0,77,NQ.v.0
2019-06-17 13:08:00+00:00,33,1,9166,7497.5,7497.75,7496.75,7497.0,30,NQ.v.0
2019-06-17 13:09:00+00:00,33,1,9166,7496.75,7497.25,7496.5,7496.75,52,NQ.v.0
2019-06-17 13:10:00+00:00,33,1,9166,7496.75,7497.75,7496.75,7497.0,83,NQ.v.0
2019-06-17 13:11:00+00:00,33,1,9166,7497.0,7498.75,7496.0,7496.0,106,NQ.v.0
2019-06-17 13:12:00+00:00,33,1,9166,7496.25,7498.0,7496.25,7497.75,67,NQ.v.0
2019-06-17 13:13:00+00:00,33,1,9166,7497.5,7497.75,7495.5,7495.5,94,NQ.v.0
2019-06-17 13:14:00+00:00,33,1,9166,7495.75,7496.75,7495.0,7496.5,73,NQ.v.0
2019-06-17 13:15:00+00:00,33,1,9166,7496.5,7497.5,7496.5,7497.5,75,NQ.v.0
2019-06-17 13:16:00+00:00,33,1,9166,7497.25,7498.5,7497.0,7498.5,59,NQ.v.0
2019-06-17 13:17:00+00:00,33,1,9166,7498.5,7498.5,7497.25,7497.75,41,NQ.v.0
2019-06-17 13:18:00+00:00,33,1,9166,7497.5,7498.75,7497.5,7498.5,57,NQ.v.0
2019-06-17 13:19:00+00:00,33,1,9166,7498.75,7499.5,7498.75,7499.5,28,NQ.v.0
2019-06-17 13:20:00+00:00,33,1,9166,7499.5,7501.25,7499.5,7500.5,134,NQ.v.0
2019-06-17 13:21:00+00:00,33,1,9166,7500.5,7501.25,7497.5,7498.0,164,NQ.v.0
2019-06-17 13:22:00+00:00,33,1,9166,7498.25,7498.5,7497.0,7498.5,89,NQ.v.0
2019-06-17 13:23:00+00:00,33,1,9166,7498.25,7499.0,7498.25,7498.75,62,NQ.v.0
2019-06-17 13:24:00+00:00,33,1,9166,7499.0,7499.75,7498.75,7499.75,44,NQ.v.0
2019-06-17 13:25:00+00:00,33,1,9166,7499.5,7500.25,7499.5,7500.25,102,NQ.v.0
2019-06-17 13:26:00+00:00,33,1,9166,7500.25,7500.25,7499.0,7499.5,108,NQ.v.0
2019-06-17 13:27:00+00:00,33,1,9166,7499.5,7500.0,7498.75,7499.25,47,NQ.v.0
2019-06-17 13:28:00+00:00,33,1,9166,7498.75,7500.25,7497.75,7498.0,73,NQ.v.0
2019-06-17 13:29:00+00:00,33,1,9166,7498.25,7499.25,7497.75,7498.0,110,NQ.v.0
2019-06-17 13:30:00+00:00,33,1,9166,7498.25,7504.0,7498.0,7503.0,918,NQ.v.0
2019-06-17 13:31:00+00:00,33,1,9166,7503.0,7508.25,7500.25,7500.5,869,NQ.v.0
2019-06-17 13:32:00+00:00,33,1,9166,7500.25,7502.0,7491.0,7495.0,1127,NQ.v.0
2019-06-17 13:33:00+00:00,33,1,9166,7495.0,7497.0,7491.75,7495.0,694,NQ.v.0
2019-06-17 13:34:00+00:00,33,1,9166,7495.0,7507.5,7494.5,7507.0,967,NQ.v.0
2019-06-17 13:35:00+00:00,33,1,9166,7507.25,7509.25,7502.25,7506.0,846,NQ.v.0
2019-06-17 13:36:00+00:00,33,1,9166,7505.75,7508.75,7504.0,7507.5,504,NQ.v.0
2019-06-17 13:37:00+00:00,33,1,9166,7507.25,7512.0,7507.0,7510.25,779,NQ.v.0
2019-06-17 13:38:00+00:00,33,1,9166,7510.0,7512.0,7508.25,7512.0,821,NQ.v.0
2019-06-17 13:39:00+00:00,33,1,9166,7511.75,7515.25,7508.25,7510.5,835,NQ.v.0
2019-06-17 13:40:00+00:00,33,1,9166,7510.5,7522.75,7510.5,7518.25,1718,NQ.v.0
2019-06-17 13:41:00+00:00,33,1,9166,7518.25,7521.5,7517.75,7521.0,412,NQ.v.0
2019-06-17 13:42:00+00:00,33,1,9166,7521.25,7525.5,7519.0,7522.5,751,NQ.v.0
2019-06-17 13:43:00+00:00,33,1,9166,7522.25,7527.0,7518.0,7518.5,769,NQ.v.0
2019-06-17 13:44:00+00:00,33,1,9166,7518.25,7524.5,7517.75,7521.0,507,NQ.v.0
2019-06-17 13:45:00+00:00,33,1,9166,7520.75,7526.0,7520.75,7525.5,385,NQ.v.0
2019-06-17 13:46:00+00:00,33,1,9166,7525.5,7526.5,7523.5,7524.0,367,NQ.v.0
2019-06-17 13:47:00+00:00,33,1,9166,7524.25,7526.5,7523.75,7526.25,202,NQ.v.0
2019-06-17 13:48:00+00:00,33,1,9166,7526.0,7532.25,7525.0,7532.0,834,NQ.v.0
2019-06-17 13:49:00+00:00,33,1,9166,7532.0,7534.25,7530.0,7531.0,598,NQ.v.0
2019-06-17 13:50:00+00:00,33,1,9166,7531.0,7533.5,7529.5,7531.0,450,NQ.v.0
2019-06-17 13:51:00+00:00,33,1,9166,7530.5,7531.5,7527.25,7530.5,418,NQ.v.0
2019-06-17 13:52:00+00:00,33,1,9166,7530.0,7532.5,7527.5,7532.5,469,NQ.v.0
2019-06-17 13:53:00+00:00,33,1,9166,7532.5,7539.75,7532.5,7537.25,1172,NQ.v.0
2019-06-17 13:54:00+00:00,33,1,9166,7537.25,7542.5,7537.25,7539.5,949,NQ.v.0
2019-06-17 13:55:00+00:00,33,1,9166,7539.25,7548.0,7538.5,7545.25,990,NQ.v.0
2019-06-17 13:56:00+00:00,33,1,9166,7545.0,7545.0,7537.5,7539.5,751,NQ.v.0
2019-06-17 13:57:00+00:00,33,1,9166,7539.5,7542.25,7536.25,7536.5,658,NQ.v.0
2019-06-17 13:58:00+00:00,33,1,9166,7536.5,7539.25,7536.25,7537.75,315,NQ.v.0
2019-06-17 13:59:00+00:00,33,1,9166,7537.25,7540.0,7535.0,7538.25,411,NQ.v.0
2019-06-17 14:00:00+00:00,33,1,9166,7538.25,7540.0,7534.0,7535.75,415,NQ.v.0
2019-06-17 14:01:00+00:00,33,1,9166,7536.0,7538.5,7535.5,7538.0,490,NQ.v.0
2019-06-17 14:02:00+00:00,33,1,9166,7538.0,7541.5,7534.25,7534.5,637,NQ.v.0
2019-06-17 14:03:00+00:00,33,1,9166,7534.25,7536.5,7532.5,7534.75,438,NQ.v.0
2019-06-17 14:04:00+00:00,33,1,9166,7534.75,7538.25,7534.0,7537.25,493,NQ.v.0
2019-06-17 14:05:00+00:00,33,1,9166,7537.25,7541.25,7537.25,7540.25,556,NQ.v.0
2019-06-17 14:06:00+00:00,33,1,9166,7540.25,7544.5,7540.25,7542.75,554,NQ.v.0
2019-06-17 14:07:00+00:00,33,1,9166,7543.0,7544.0,7541.5,7542.75,365,NQ.v.0
2019-06-17 14:08:00+00:00,33,1,9166,7543.0,7543.25,7540.0,7543.0,292,NQ.v.0
2019-06-17 14:09:00+00:00,33,1,9166,7543.0,7543.5,7540.0,7540.0,202,NQ.v.0
2019-06-17 14:10:00+00:00,33,1,9166,7540.25,7540.5,7537.5,7538.0,378,NQ.v.0
2019-06-17 14:11:00+00:00,33,1,9166,7538.5,7539.5,7537.5,7537.75,240,NQ.v.0
2019-06-17 14:12:00+00:00,33,1,9166,7538.0,7539.5,7536.0,7537.25,240,NQ.v.0
2019-06-17 14:13:00+00:00,33,1,9166,7537.5,7537.75,7534.5,7535.0,230,NQ.v.0
2019-06-17 14:14:00+00:00,33,1,9166,7535.0,7537.5,7534.25,7535.75,199,NQ.v.0
2019-06-17 14:15:00+00:00,33,1,9166,7536.0,7540.0,7536.0,7537.5,337,NQ.v.0
2019-06-17 14:16:00+00:00,33,1,9166,7537.25,7537.75,7534.5,7535.25,234,NQ.v.0
2019-06-17 14:17:00+00:00,33,1,9166,7535.75,7535.75,7527.75,7528.0,658,NQ.v.0
2019-06-17 14:18:00+00:00,33,1,9166,7528.0,7531.75,7527.75,7530.25,396,NQ.v.0
2019-06-17 14:19:00+00:00,33,1,9166,7530.75,7531.0,7528.5,7529.75,190,NQ.v.0
2019-06-17 14:20:00+00:00,33,1,9166,7529.75,7530.75,7528.75,7529.75,204,NQ.v.0
2019-06-17 14:21:00+00:00,33,1,9166,7530.5,7531.0,7528.5,7530.0,199,NQ.v.0
2019-06-17 14:22:00+00:00,33,1,9166,7530.5,7531.5,7527.25,7529.75,362,NQ.v.0
2019-06-17 14:23:00+00:00,33,1,9166,7530.0,7535.5,7529.25,7534.25,465,NQ.v.0
2019-06-17 14:24:00+00:00,33,1,9166,7534.25,7536.75,7533.5,7536.25,287,NQ.v.0
2019-06-17 14:25:00+00:00,33,1,9166,7536.5,7537.5,7534.0,7536.25,248,NQ.v.0
2019-06-17 14:26:00+00:00,33,1,9166,7536.25,7537.5,7534.0,7537.5,297,NQ.v.0
2019-06-17 14:27:00+00:00,33,1,9166,7537.75,7539.5,7535.5,7539.25,357,NQ.v.0
2019-06-17 14:28:00+00:00,33,1,9166,7539.5,7543.5,7539.25,7539.75,815,NQ.v.0
2019-06-17 14:29:00+00:00,33,1,9166,7540.0,7541.25,7539.0,7539.75,330,NQ.v.0
2019-06-17 14:30:00+00:00,33,1,9166,7539.75,7542.0,7539.75,7541.0,157,NQ.v.0
2019-06-17 14:31:00+00:00,33,1,9166,7541.0,7543.25,7540.5,7543.0,176,NQ.v.0
2019-06-17 14:32:00+00:00,33,1,9166,7543.0,7544.25,7542.25,7543.0,286,NQ.v.0
2019-06-17 14:33:00+00:00,33,1,9166,7543.5,7545.0,7543.25,7544.25,180,NQ.v.0
2019-06-17 14:34:00+00:00,33,1,9166,7544.25,7545.75,7544.25,7545.0,337,NQ.v.0
2019-06-17 14:35:00+00:00,33,1,9166,7545.25,7549.25,7545.25,7547.5,816,NQ.v.0
2019-06-17 14:36:00+00:00,33,1,9166,7547.75,7548.5,7543.25,7543.5,380,NQ.v.0
2019-06-17 14:37:00+00:00,33,1,9166,7543.5,7546.0,7543.5,7545.75,255,NQ.v.0
2019-06-17 14:38:00+00:00,33,1,9166,7546.0,7546.5,7543.75,7545.5,256,NQ.v.0
2019-06-17 14:39:00+00:00,33,1,9166,7545.25,7547.25,7544.25,7544.25,147,NQ.v.0
2019-06-17 14:40:00+00:00,33,1,9166,7544.75,7547.75,7544.5,7546.5,214,NQ.v.0
2019-06-17 14:41:00+00:00,33,1,9166,7547.0,7549.75,7547.0,7549.0,327,NQ.v.0
2019-06-17 14:42:00+00:00,33,1,9166,7549.25,7549.25,7545.5,7545.5,242,NQ.v.0
2019-06-17 14:43:00+00:00,33,1,9166,7545.5,7546.0,7541.5,7541.75,316,NQ.v.0
2019-06-17 14:44:00+00:00,33,1,9166,7542.0,7543.25,7541.0,7542.5,283,NQ.v.0
2019-06-17 14:45:00+00:00,33,1,9166,7542.75,7543.0,7536.5,7537.25,517,NQ.v.0
2019-06-17 14:46:00+00:00,33,1,9166,7537.25,7539.0,7536.5,7538.25,318,NQ.v.0
2019-06-17 14:47:00+00:00,33,1,9166,7538.25,7539.25,7537.5,7538.25,188,NQ.v.0
2019-06-17 14:48:00+00:00,33,1,9166,7539.0,7540.5,7538.25,7539.0,280,NQ.v.0
2019-06-17 14:49:00+00:00,33,1,9166,7539.0,7539.5,7536.5,7536.5,183,NQ.v.0
2019-06-17 14:50:00+00:00,33,1,9166,7536.75,7540.75,7536.0,7540.5,404,NQ.v.0
2019-06-17 14:51:00+00:00,33,1,9166,7540.75,7542.25,7540.5,7542.25,384,NQ.v.0
2019-06-17 14:52:00+00:00,33,1,9166,7542.25,7542.5,7540.75,7542.5,237,NQ.v.0
2019-06-17 14:53:00+00:00,33,1,9166,7542.25,7544.75,7541.75,7543.25,226,NQ.v.0
2019-06-17 14:54:00+00:00,33,1,9166,7543.25,7543.5,7541.0,7541.75,285,NQ.v.0
2019-06-17 14:55:00+00:00,33,1,9166,7542.0,7544.25,7540.0,7540.75,230,NQ.v.0
2019-06-17 14:56:00+00:00,33,1,9166,7541.0,7542.0,7540.5,7541.25,75,NQ.v.0
2019-06-17 14:57:00+00:00,33,1,9166,7541.25,7542.0,7539.25,7539.5,183,NQ.v.0
2019-06-17 14:58:00+00:00,33,1,9166,7539.75,7542.75,7539.0,7542.75,163,NQ.v.0
2019-06-17 14:59:00+00:00,33,1,9166,7543.0,7548.25,7542.75,7544.75,516,NQ.v.0
2019-06-17 15:00:00+00:00,33,1,9166,7544.75,7546.25,7541.5,7546.0,253,NQ.v.0
2019-06-17 15:01:00+00:00,33,1,9166,7546.25,7549.0,7546.25,7549.0,214,NQ.v.0
2019-06-17 15:02:00+00:00,33,1,9166,7548.75,7550.75,7545.5,7549.0,528,NQ.v.0
2019-06-17 15:03:00+00:00,33,1,9166,7548.75,7550.5,7547.5,7549.75,276,NQ.v.0
2019-06-17 15:04:00+00:00,33,1,9166,7550.0,7550.25,7544.5,7546.0,317,NQ.v.0
2019-06-17 15:05:00+00:00,33,1,9166,7545.75,7546.0,7542.0,7543.5,308,NQ.v.0
2019-06-17 15:06:00+00:00,33,1,9166,7543.5,7544.0,7537.5,7538.5,432,NQ.v.0
2019-06-17 15:07:00+00:00,33,1,9166,7539.0,7541.25,7537.25,7540.75,306,NQ.v.0
2019-06-17 15:08:00+00:00,33,1,9166,7540.25,7542.25,7538.5,7540.75,174,NQ.v.0
2019-06-17 15:09:00+00:00,33,1,9166,7541.25,7542.5,7540.0,7542.25,122,NQ.v.0
2019-06-17 15:10:00+00:00,33,1,9166,7542.25,7544.5,7541.0,7543.25,154,NQ.v.0
2019-06-17 15:11:00+00:00,33,1,9166,7543.0,7546.0,7543.0,7546.0,334,NQ.v.0
2019-06-17 15:12:00+00:00,33,1,9166,7546.0,7546.25,7543.0,7544.75,212,NQ.v.0
2019-06-17 15:13:00+00:00,33,1,9166,7544.5,7544.5,7540.0,7541.0,240,NQ.v.0
2019-06-17 15:14:00+00:00,33,1,9166,7541.5,7542.75,7540.75,7542.0,118,NQ.v.0
2019-06-17 15:15:00+00:00,33,1,9166,7541.75,7543.0,7541.0,7542.75,177,NQ.v.0
2019-06-17 15:16:00+00:00,33,1,9166,7542.5,7543.5,7539.75,7542.5,194,NQ.v.0
2019-06-17 15:17:00+00:00,33,1,9166,7542.0,7543.5,7542.0,7543.5,84,NQ.v.0
2019-06-17 15:18:00+00:00,33,1,9166,7543.25,7546.25,7543.25,7545.25,143,NQ.v.0
2019-06-17 15:19:00+00:00,33,1,9166,7545.25,7546.75,7543.75,7544.5,161,NQ.v.0
2019-06-17 15:20:00+00:00,33,1,9166,7543.75,7545.0,7541.75,7542.0,181,NQ.v.0
2019-06-17 15:21:00+00:00,33,1,9166,7542.0,7544.0,7541.25,7541.5,174,NQ.v.0
2019-06-17 15:22:00+00:00,33,1,9166,7541.5,7542.0,7540.75,7541.25,91,NQ.v.0
2019-06-17 15:23:00+00:00,33,1,9166,7541.0,7541.0,7538.25,7538.5,272,NQ.v.0
2019-06-17 15:24:00+00:00,33,1,9166,7538.75,7538.75,7531.75,7533.5,689,NQ.v.0
2019-06-17 15:25:00+00:00,33,1,9166,7533.75,7534.25,7530.5,7531.25,431,NQ.v.0
2019-06-17 15:26:00+00:00,33,1,9166,7531.75,7535.25,7531.25,7534.5,339,NQ.v.0
2019-06-17 15:27:00+00:00,33,1,9166,7534.75,7535.0,7532.0,7534.5,195,NQ.v.0
2019-06-17 15:28:00+00:00,33,1,9166,7534.0,7536.0,7534.0,7535.5,208,NQ.v.0
2019-06-17 15:29:00+00:00,33,1,9166,7535.5,7536.5,7533.5,7533.75,260,NQ.v.0
2019-06-17 15:30:00+00:00,33,1,9166,7533.5,7535.5,7532.5,7535.5,440,NQ.v.0
2019-06-17 15:31:00+00:00,33,1,9166,7535.75,7536.25,7533.25,7535.25,280,NQ.v.0
2019-06-17 15:32:00+00:00,33,1,9166,7535.25,7536.25,7533.25,7536.25,252,NQ.v.0
2019-06-17 15:33:00+00:00,33,1,9166,7536.25,7536.5,7534.0,7535.5,170,NQ.v.0
2019-06-17 15:34:00+00:00,33,1,9166,7535.0,7536.5,7534.75,7534.75,131,NQ.v.0
2019-06-17 15:35:00+00:00,33,1,9166,7535.25,7535.75,7533.5,7534.0,240,NQ.v.0
2019-06-17 15:36:00+00:00,33,1,9166,7533.75,7534.5,7531.5,7532.25,233,NQ.v.0
2019-06-17 15:37:00+00:00,33,1,9166,7531.5,7533.0,7530.25,7532.5,228,NQ.v.0
2019-06-17 15:38:00+00:00,33,1,9166,7532.0,7532.25,7530.25,7530.75,228,NQ.v.0
2019-06-17 15:39:00+00:00,33,1,9166,7530.5,7532.25,7529.5,7532.0,212,NQ.v.0
2019-06-17 15:40:00+00:00,33,1,9166,7531.75,7534.5,7530.5,7534.5,170,NQ.v.0
2019-06-17 15:41:00+00:00,33,1,9166,7534.0,7534.5,7532.25,7532.5,138,NQ.v.0
2019-06-17 15:42:00+00:00,33,1,9166,7532.25,7533.75,7531.75,7532.25,97,NQ.v.0
2019-06-17 15:43:00+00:00,33,1,9166,7532.0,7532.75,7531.0,7532.0,115,NQ.v.0
2019-06-17 15:44:00+00:00,33,1,9166,7532.0,7535.0,7532.0,7534.5,325,NQ.v.0
2019-06-17 15:45:00+00:00,33,1,9166,7534.25,7535.5,7533.0,7535.0,258,NQ.v.0
2019-06-17 15:46:00+00:00,33,1,9166,7535.0,7537.0,7534.0,7535.75,216,NQ.v.0
2019-06-17 15:47:00+00:00,33,1,9166,7535.5,7536.75,7535.5,7536.25,116,NQ.v.0
2019-06-17 15:48:00+00:00,33,1,9166,7536.25,7537.25,7536.0,7536.5,142,NQ.v.0
2019-06-17 15:49:00+00:00,33,1,9166,7536.5,7537.75,7536.5,7537.75,219,NQ.v.0
2019-06-17 15:50:00+00:00,33,1,9166,7537.5,7537.75,7535.75,7536.25,336,NQ.v.0
2019-06-17 15:51:00+00:00,33,1,9166,7536.25,7536.75,7535.0,7536.75,84,NQ.v.0
2019-06-17 15:52:00+00:00,33,1,9166,7536.75,7537.0,7535.0,7535.0,74,NQ.v.0
2019-06-17 15:53:00+00:00,33,1,9166,7535.25,7536.25,7531.0,7531.75,327,NQ.v.0
2019-06-17 15:54:00+00:00,33,1,9166,7532.0,7532.0,7530.25,7530.5,174,NQ.v.0
2019-06-17 15:55:00+00:00,33,1,9166,7530.25,7530.25,7526.5,7526.5,352,NQ.v.0
2019-06-17 15:56:00+00:00,33,1,9166,7526.75,7528.0,7526.0,7527.75,242,NQ.v.0
2019-06-17 15:57:00+00:00,33,1,9166,7527.75,7530.5,7527.25,7530.0,219,NQ.v.0
2019-06-17 15:58:00+00:00,33,1,9166,7530.0,7532.25,7529.5,7530.25,171,NQ.v.0
2019-06-17 15:59:00+00:00,33,1,9166,7530.25,7530.25,7527.75,7529.0,137,NQ.v.0
2019-06-17 16:00:00+00:00,33,1,9166,7528.75,7531.75,7526.75,7531.0,240,NQ.v.0
2019-06-17 16:01:00+00:00,33,1,9166,7531.25,7531.5,7528.75,7529.25,125,NQ.v.0
2019-06-17 16:02:00+00:00,33,1,9166,7529.25,7529.25,7524.5,7525.5,355,NQ.v.0
2019-06-17 16:03:00+00:00,33,1,9166,7525.75,7526.75,7524.25,7526.0,209,NQ.v.0
2019-06-17 16:04:00+00:00,33,1,9166,7526.0,7527.0,7524.75,7525.0,167,NQ.v.0
2019-06-17 16:05:00+00:00,33,1,9166,7525.25,7528.5,7524.75,7527.5,117,NQ.v.0
2019-06-17 16:06:00+00:00,33,1,9166,7527.0,7528.0,7526.0,7528.0,73,NQ.v.0
2019-06-17 16:07:00+00:00,33,1,9166,7527.75,7527.75,7526.5,7526.75,45,NQ.v.0
2019-06-17 16:08:00+00:00,33,1,9166,7527.0,7527.75,7526.0,7526.5,65,NQ.v.0
2019-06-17 16:09:00+00:00,33,1,9166,7526.5,7527.25,7526.0,7527.0,67,NQ.v.0
2019-06-17 16:10:00+00:00,33,1,9166,7526.75,7527.25,7526.0,7527.0,110,NQ.v.0
2019-06-17 16:11:00+00:00,33,1,9166,7527.0,7529.75,7526.75,7528.75,149,NQ.v.0
2019-06-17 16:12:00+00:00,33,1,9166,7528.75,7530.25,7528.75,7529.75,60,NQ.v.0
2019-06-17 16:13:00+00:00,33,1,9166,7530.0,7530.5,7529.5,7530.25,61,NQ.v.0
2019-06-17 16:14:00+00:00,33,1,9166,7530.0,7530.5,7529.25,7530.5,90,NQ.v.0
2019-06-17 16:15:00+00:00,33,1,9166,7530.25,7530.25,7529.25,7529.25,61,NQ.v.0
2019-06-17 16:16:00+00:00,33,1,9166,7529.25,7531.0,7528.5,7531.0,101,NQ.v.0
2019-06-17 16:17:00+00:00,33,1,9166,7531.0,7532.25,7530.75,7532.0,140,NQ.v.0
2019-06-17 16:18:00+00:00,33,1,9166,7532.25,7532.25,7531.5,7531.75,63,NQ.v.0
2019-06-17 16:19:00+00:00,33,1,9166,7531.5,7531.5,7530.5,7531.0,55,NQ.v.0
2019-06-17 16:20:00+00:00,33,1,9166,7531.0,7531.25,7529.25,7529.5,82,NQ.v.0
2019-06-17 16:21:00+00:00,33,1,9166,7529.5,7530.5,7528.75,7530.5,65,NQ.v.0
2019-06-17 16:22:00+00:00,33,1,9166,7530.25,7531.0,7530.0,7530.5,47,NQ.v.0
2019-06-17 16:23:00+00:00,33,1,9166,7530.5,7531.25,7530.25,7530.5,57,NQ.v.0
2019-06-17 16:24:00+00:00,33,1,9166,7530.25,7531.25,7530.25,7530.75,60,NQ.v.0
2019-06-17 16:25:00+00:00,33,1,9166,7531.0,7531.5,7529.25,7529.25,75,NQ.v.0
2019-06-17 16:26:00+00:00,33,1,9166,7529.25,7529.5,7528.5,7528.75,47,NQ.v.0
2019-06-17 16:27:00+00:00,33,1,9166,7528.5,7528.75,7526.75,7526.75,143,NQ.v.0
2019-06-17 16:28:00+00:00,33,1,9166,7526.75,7527.5,7526.25,7526.5,77,NQ.v.0
2019-06-17 16:29:00+00:00,33,1,9166,7527.25,7527.5,7525.5,7526.75,119,NQ.v.0
2019-06-17 16:30:00+00:00,33,1,9166,7526.75,7527.0,7525.25,7526.0,121,NQ.v.0
2019-06-17 16:31:00+00:00,33,1,9166,7526.25,7526.25,7523.5,7526.0,189,NQ.v.0
2019-06-17 16:32:00+00:00,33,1,9166,7526.0,7528.75,7525.75,7528.75,178,NQ.v.0
2019-06-17 16:33:00+00:00,33,1,9166,7528.75,7531.25,7528.0,7531.25,192,NQ.v.0
2019-06-17 16:34:00+00:00,33,1,9166,7531.25,7531.5,7530.75,7530.75,87,NQ.v.0
2019-06-17 16:35:00+00:00,33,1,9166,7530.75,7534.5,7530.0,7533.5,304,NQ.v.0
2019-06-17 16:36:00+00:00,33,1,9166,7533.5,7533.5,7530.0,7530.25,184,NQ.v.0
2019-06-17 16:37:00+00:00,33,1,9166,7530.25,7534.25,7530.25,7533.75,127,NQ.v.0
2019-06-17 16:38:00+00:00,33,1,9166,7533.5,7533.5,7532.0,7533.0,52,NQ.v.0
2019-06-17 16:39:00+00:00,33,1,9166,7533.25,7534.0,7532.75,7533.25,49,NQ.v.0
2019-06-17 16:40:00+00:00,33,1,9166,7533.5,7533.75,7531.75,7532.5,60,NQ.v.0
2019-06-17 16:41:00+00:00,33,1,9166,7532.5,7533.25,7532.25,7532.75,68,NQ.v.0
2019-06-17 16:42:00+00:00,33,1,9166,7533.0,7533.5,7532.5,7533.25,69,NQ.v.0
2019-06-17 16:43:00+00:00,33,1,9166,7533.25,7533.75,7532.75,7533.5,58,NQ.v.0
2019-06-17 16:44:00+00:00,33,1,9166,7533.5,7534.0,7533.0,7534.0,41,NQ.v.0
2019-06-17 16:45:00+00:00,33,1,9166,7534.5,7534.75,7533.25,7533.25,75,NQ.v.0
2019-06-17 16:46:00+00:00,33,1,9166,7533.5,7533.75,7533.0,7533.25,73,NQ.v.0
2019-06-17 16:47:00+00:00,33,1,9166,7533.5,7535.0,7533.25,7535.0,82,NQ.v.0
2019-06-17 16:48:00+00:00,33,1,9166,7535.0,7535.5,7534.5,7535.0,130,NQ.v.0
2019-06-17 16:49:00+00:00,33,1,9166,7534.5,7536.0,7534.5,7536.0,86,NQ.v.0
2019-06-17 16:50:00+00:00,33,1,9166,7536.0,7536.75,7536.0,7536.75,118,NQ.v.0
2019-06-17 16:51:00+00:00,33,1,9166,7536.5,7537.25,7536.25,7536.25,103,NQ.v.0
2019-06-17 16:52:00+00:00,33,1,9166,7536.25,7536.25,7533.5,7535.25,187,NQ.v.0
2019-06-17 16:53:00+00:00,33,1,9166,7535.5,7536.25,7534.75,7534.75,81,NQ.v.0
2019-06-17 16:54:00+00:00,33,1,9166,7535.0,7535.0,7533.25,7533.75,90,NQ.v.0
2019-06-17 16:55:00+00:00,33,1,9166,7533.75,7534.5,7532.25,7533.25,96,NQ.v.0
2019-06-17 16:56:00+00:00,33,1,9166,7533.5,7535.0,7532.5,7534.0,78,NQ.v.0
2019-06-17 16:57:00+00:00,33,1,9166,7534.0,7535.25,7533.25,7535.25,69,NQ.v.0
2019-06-17 16:58:00+00:00,33,1,9166,7535.25,7536.0,7535.0,7535.25,71,NQ.v.0
2019-06-17 16:59:00+00:00,33,1,9166,7535.25,7535.75,7534.25,7535.5,43,NQ.v.0
2019-06-17 17:00:00+00:00,33,1,9166,7535.5,7537.75,7534.0,7537.5,137,NQ.v.0
2019-06-17 17:01:00+00:00,33,1,9166,7537.75,7539.25,7537.25,7538.25,194,NQ.v.0
2019-06-17 17:02:00+00:00,33,1,9166,7538.25,7539.0,7538.0,7539.0,88,NQ.v.0
2019-06-17 17:03:00+00:00,33,1,9166,7538.75,7539.5,7538.25,7538.5,91,NQ.v.0
2019-06-17 17:04:00+00:00,33,1,9166,7538.5,7539.0,7538.25,7538.5,36,NQ.v.0
2019-06-17 17:05:00+00:00,33,1,9166,7538.5,7538.5,7535.75,7536.75,152,NQ.v.0
2019-06-17 17:06:00+00:00,33,1,9166,7536.75,7538.0,7536.25,7537.25,58,NQ.v.0
2019-06-17 17:07:00+00:00,33,1,9166,7537.0,7537.5,7537.0,7537.25,35,NQ.v.0
2019-06-17 17:08:00+00:00,33,1,9166,7537.0,7537.75,7535.25,7535.5,78,NQ.v.0
2019-06-17 17:09:00+00:00,33,1,9166,7535.25,7537.0,7534.25,7534.5,148,NQ.v.0
2019-06-17 17:10:00+00:00,33,1,9166,7534.75,7537.0,7534.75,7536.25,96,NQ.v.0
2019-06-17 17:11:00+00:00,33,1,9166,7536.25,7536.25,7534.75,7535.0,60,NQ.v.0
2019-06-17 17:12:00+00:00,33,1,9166,7535.25,7537.25,7535.25,7536.0,51,NQ.v.0
2019-06-17 17:13:00+00:00,33,1,9166,7535.75,7536.25,7535.0,7536.25,42,NQ.v.0
2019-06-17 17:14:00+00:00,33,1,9166,7536.5,7537.75,7536.5,7537.25,64,NQ.v.0
2019-06-17 17:15:00+00:00,33,1,9166,7537.25,7538.5,7537.25,7538.0,51,NQ.v.0
2019-06-17 17:16:00+00:00,33,1,9166,7538.0,7538.25,7537.5,7537.5,63,NQ.v.0
2019-06-17 17:17:00+00:00,33,1,9166,7537.25,7539.0,7536.5,7538.75,73,NQ.v.0
2019-06-17 17:18:00+00:00,33,1,9166,7538.5,7540.0,7538.0,7538.25,124,NQ.v.0
2019-06-17 17:19:00+00:00,33,1,9166,7538.25,7539.25,7538.25,7539.25,53,NQ.v.0
2019-06-17 17:20:00+00:00,33,1,9166,7539.0,7539.75,7538.75,7539.25,54,NQ.v.0
2019-06-17 17:21:00+00:00,33,1,9166,7538.75,7539.25,7537.75,7538.5,75,NQ.v.0
2019-06-17 17:22:00+00:00,33,1,9166,7538.0,7538.0,7537.0,7537.75,115,NQ.v.0
2019-06-17 17:23:00+00:00,33,1,9166,7537.25,7538.5,7537.25,7537.75,52,NQ.v.0
2019-06-17 17:24:00+00:00,33,1,9166,7537.75,7538.0,7537.0,7537.25,83,NQ.v.0
2019-06-17 17:25:00+00:00,33,1,9166,7537.0,7537.25,7535.5,7536.25,90,NQ.v.0
2019-06-17 17:26:00+00:00,33,1,9166,7535.75,7535.75,7534.0,7534.0,56,NQ.v.0
2019-06-17 17:27:00+00:00,33,1,9166,7534.0,7535.5,7534.0,7534.25,58,NQ.v.0
2019-06-17 17:28:00+00:00,33,1,9166,7534.5,7536.0,7534.5,7534.75,41,NQ.v.0
2019-06-17 17:29:00+00:00,33,1,9166,7534.5,7535.0,7534.0,7535.0,34,NQ.v.0
2019-06-17 17:30:00+00:00,33,1,9166,7534.75,7536.0,7534.5,7535.75,68,NQ.v.0
2019-06-17 17:31:00+00:00,33,1,9166,7535.0,7536.0,7535.0,7536.0,55,NQ.v.0
2019-06-17 17:32:00+00:00,33,1,9166,7535.75,7537.0,7534.75,7536.5,79,NQ.v.0
2019-06-17 17:33:00+00:00,33,1,9166,7536.5,7537.75,7536.5,7537.75,63,NQ.v.0
2019-06-17 17:34:00+00:00,33,1,9166,7538.0,7539.75,7537.75,7539.0,90,NQ.v.0
2019-06-17 17:35:00+00:00,33,1,9166,7539.25,7539.75,7538.5,7539.25,55,NQ.v.0
2019-06-17 17:36:00+00:00,33,1,9166,7539.0,7540.5,7538.75,7540.0,111,NQ.v.0
2019-06-17 17:37:00+00:00,33,1,9166,7540.25,7541.25,7540.0,7541.0,156,NQ.v.0
2019-06-17 17:38:00+00:00,33,1,9166,7540.75,7541.0,7540.25,7540.75,64,NQ.v.0
2019-06-17 17:39:00+00:00,33,1,9166,7540.75,7541.5,7540.5,7541.5,77,NQ.v.0
2019-06-17 17:40:00+00:00,33,1,9166,7541.25,7541.25,7540.5,7541.25,72,NQ.v.0
2019-06-17 17:41:00+00:00,33,1,9166,7541.5,7543.75,7541.5,7543.25,181,NQ.v.0
2019-06-17 17:42:00+00:00,33,1,9166,7543.0,7543.25,7542.75,7543.0,38,NQ.v.0
2019-06-17 17:43:00+00:00,33,1,9166,7543.0,7543.25,7542.5,7542.5,70,NQ.v.0
2019-06-17 17:44:00+00:00,33,1,9166,7542.5,7543.0,7540.25,7540.5,141,NQ.v.0
2019-06-17 17:45:00+00:00,33,1,9166,7540.5,7541.0,7539.5,7541.0,74,NQ.v.0
2019-06-17 17:46:00+00:00,33,1,9166,7541.0,7542.75,7541.0,7542.0,50,NQ.v.0
2019-06-17 17:47:00+00:00,33,1,9166,7542.0,7542.0,7541.75,7541.75,69,NQ.v.0
2019-06-17 17:48:00+00:00,33,1,9166,7542.0,7542.0,7540.25,7540.75,78,NQ.v.0
2019-06-17 17:49:00+00:00,33,1,9166,7540.75,7541.0,7540.5,7540.75,33,NQ.v.0
2019-06-17 17:50:00+00:00,33,1,9166,7540.75,7541.25,7539.75,7540.0,81,NQ.v.0
2019-06-17 17:51:00+00:00,33,1,9166,7539.75,7540.25,7539.25,7539.75,74,NQ.v.0
2019-06-17 17:52:00+00:00,33,1,9166,7539.0,7540.75,7538.5,7540.5,62,NQ.v.0
2019-06-17 17:53:00+00:00,33,1,9166,7540.25,7541.0,7540.0,7540.0,45,NQ.v.0
2019-06-17 17:54:00+00:00,33,1,9166,7540.25,7541.25,7540.25,7541.25,50,NQ.v.0
2019-06-17 17:55:00+00:00,33,1,9166,7541.25,7543.0,7541.25,7543.0,47,NQ.v.0
2019-06-17 17:56:00+00:00,33,1,9166,7543.0,7543.0,7542.25,7542.25,33,NQ.v.0
2019-06-17 17:57:00+00:00,33,1,9166,7542.5,7542.75,7541.75,7542.5,63,NQ.v.0
2019-06-17 17:58:00+00:00,33,1,9166,7542.5,7542.75,7541.5,7542.25,41,NQ.v.0
2019-06-17 17:59:00+00:00,33,1,9166,7542.25,7542.25,7540.75,7541.5,46,NQ.v.0
2019-06-17 18:00:00+00:00,33,1,9166,7541.0,7542.5,7540.75,7542.5,53,NQ.v.0
2019-06-17 18:01:00+00:00,33,1,9166,7542.25,7544.5,7541.75,7544.0,142,NQ.v.0
2019-06-17 18:02:00+00:00,33,1,9166,7544.25,7545.75,7544.0,7545.5,194,NQ.v.0
2019-06-17 18:03:00+00:00,33,1,9166,7545.5,7545.75,7544.5,7544.5,79,NQ.v.0
2019-06-17 18:04:00+00:00,33,1,9166,7544.75,7546.25,7544.75,7545.75,70,NQ.v.0
2019-06-17 18:05:00+00:00,33,1,9166,7545.5,7545.5,7543.25,7543.5,87,NQ.v.0
2019-06-17 18:06:00+00:00,33,1,9166,7543.75,7543.75,7542.0,7542.5,86,NQ.v.0
2019-06-17 18:07:00+00:00,33,1,9166,7542.25,7543.25,7540.5,7540.5,104,NQ.v.0
2019-06-17 18:08:00+00:00,33,1,9166,7540.5,7541.0,7539.25,7540.75,120,NQ.v.0
2019-06-17 18:09:00+00:00,33,1,9166,7540.25,7541.75,7540.25,7540.75,42,NQ.v.0
2019-06-17 18:10:00+00:00,33,1,9166,7540.75,7541.25,7539.75,7539.75,70,NQ.v.0
2019-06-17 18:11:00+00:00,33,1,9166,7539.75,7541.25,7539.5,7541.25,51,NQ.v.0
2019-06-17 18:12:00+00:00,33,1,9166,7541.25,7542.25,7541.0,7541.5,52,NQ.v.0
2019-06-17 18:13:00+00:00,33,1,9166,7541.25,7541.75,7541.25,7541.75,35,NQ.v.0
2019-06-17 18:14:00+00:00,33,1,9166,7542.0,7542.0,7541.0,7542.0,46,NQ.v.0
2019-06-17 18:15:00+00:00,33,1,9166,7542.0,7542.0,7541.5,7541.75,31,NQ.v.0
2019-06-17 18:16:00+00:00,33,1,9166,7541.5,7543.0,7541.25,7542.75,45,NQ.v.0
2019-06-17 18:17:00+00:00,33,1,9166,7542.5,7543.5,7542.25,7543.5,39,NQ.v.0
2019-06-17 18:18:00+00:00,33,1,9166,7543.25,7543.75,7542.25,7542.25,61,NQ.v.0
2019-06-17 18:19:00+00:00,33,1,9166,7542.5,7543.5,7541.25,7541.5,53,NQ.v.0
2019-06-17 18:20:00+00:00,33,1,9166,7541.75,7542.0,7541.25,7542.0,40,NQ.v.0
2019-06-17 18:21:00+00:00,33,1,9166,7541.5,7542.0,7540.75,7541.75,60,NQ.v.0
2019-06-17 18:22:00+00:00,33,1,9166,7541.75,7542.75,7541.75,7542.5,53,NQ.v.0
2019-06-17 18:23:00+00:00,33,1,9166,7542.75,7543.0,7541.25,7541.5,28,NQ.v.0
2019-06-17 18:24:00+00:00,33,1,9166,7542.0,7543.5,7541.75,7542.0,80,NQ.v.0
2019-06-17 18:25:00+00:00,33,1,9166,7542.0,7542.0,7540.5,7540.75,66,NQ.v.0
2019-06-17 18:26:00+00:00,33,1,9166,7540.75,7541.0,7537.0,7538.25,235,NQ.v.0
2019-06-17 18:27:00+00:00,33,1,9166,7538.0,7538.25,7535.75,7537.5,216,NQ.v.0
2019-06-17 18:28:00+00:00,33,1,9166,7537.5,7538.25,7536.5,7537.0,91,NQ.v.0
2019-06-17 18:29:00+00:00,33,1,9166,7537.25,7537.75,7535.5,7535.75,85,NQ.v.0
2019-06-17 18:30:00+00:00,33,1,9166,7535.5,7538.75,7535.5,7537.75,114,NQ.v.0
2019-06-17 18:31:00+00:00,33,1,9166,7538.0,7539.75,7537.5,7539.25,83,NQ.v.0
2019-06-17 18:32:00+00:00,33,1,9166,7539.5,7540.0,7537.75,7538.0,64,NQ.v.0
2019-06-17 18:33:00+00:00,33,1,9166,7538.0,7538.75,7537.5,7538.75,51,NQ.v.0
2019-06-17 18:34:00+00:00,33,1,9166,7538.75,7539.0,7537.75,7538.75,38,NQ.v.0
2019-06-17 18:35:00+00:00,33,1,9166,7539.0,7539.5,7539.0,7539.25,25,NQ.v.0
2019-06-17 18:36:00+00:00,33,1,9166,7539.25,7540.0,7539.25,7540.0,37,NQ.v.0
2019-06-17 18:37:00+00:00,33,1,9166,7539.75,7540.25,7539.25,7539.5,32,NQ.v.0
2019-06-17 18:38:00+00:00,33,1,9166,7539.75,7540.0,7539.5,7540.0,39,NQ.v.0
2019-06-17 18:39:00+00:00,33,1,9166,7540.0,7541.0,7540.0,7540.25,75,NQ.v.0
2019-06-17 18:40:00+00:00,33,1,9166,7540.5,7541.75,7540.0,7541.75,65,NQ.v.0
2019-06-17 18:41:00+00:00,33,1,9166,7542.0,7542.0,7540.5,7541.0,62,NQ.v.0
2019-06-17 18:42:00+00:00,33,1,9166,7541.0,7541.0,7540.0,7540.75,36,NQ.v.0
2019-06-17 18:43:00+00:00,33,1,9166,7541.0,7541.5,7540.0,7540.75,22,NQ.v.0
2019-06-17 18:44:00+00:00,33,1,9166,7541.25,7541.5,7540.75,7541.25,26,NQ.v.0
2019-06-17 18:45:00+00:00,33,1,9166,7540.75,7540.75,7538.5,7539.25,48,NQ.v.0
2019-06-17 18:46:00+00:00,33,1,9166,7539.0,7540.25,7538.75,7539.0,99,NQ.v.0
2019-06-17 18:47:00+00:00,33,1,9166,7538.75,7539.75,7538.75,7539.25,58,NQ.v.0
2019-06-17 18:48:00+00:00,33,1,9166,7539.25,7539.25,7537.75,7538.0,55,NQ.v.0
2019-06-17 18:49:00+00:00,33,1,9166,7538.0,7538.75,7537.5,7538.5,66,NQ.v.0
2019-06-17 18:50:00+00:00,33,1,9166,7538.25,7538.25,7535.5,7536.0,114,NQ.v.0
2019-06-17 18:51:00+00:00,33,1,9166,7536.0,7537.0,7535.75,7536.0,80,NQ.v.0
2019-06-17 18:52:00+00:00,33,1,9166,7536.25,7537.25,7535.0,7536.0,96,NQ.v.0
2019-06-17 18:53:00+00:00,33,1,9166,7535.75,7536.0,7534.75,7535.75,62,NQ.v.0
2019-06-17 18:54:00+00:00,33,1,9166,7536.0,7536.25,7533.0,7534.0,119,NQ.v.0
2019-06-17 18:55:00+00:00,33,1,9166,7534.25,7534.25,7532.75,7533.0,63,NQ.v.0
2019-06-17 18:56:00+00:00,33,1,9166,7533.0,7534.75,7532.5,7534.5,90,NQ.v.0
2019-06-17 18:57:00+00:00,33,1,9166,7534.25,7535.0,7533.25,7534.25,67,NQ.v.0
2019-06-17 18:58:00+00:00,33,1,9166,7534.25,7535.25,7534.0,7534.5,51,NQ.v.0
2019-06-17 18:59:00+00:00,33,1,9166,7534.75,7534.75,7533.5,7533.75,32,NQ.v.0
2019-06-17 19:00:00+00:00,33,1,9166,7533.5,7533.5,7531.25,7531.5,176,NQ.v.0
2019-06-17 19:01:00+00:00,33,1,9166,7531.5,7531.5,7528.75,7530.25,232,NQ.v.0
2019-06-17 19:02:00+00:00,33,1,9166,7530.25,7532.25,7530.25,7532.25,112,NQ.v.0
2019-06-17 19:03:00+00:00,33,1,9166,7532.0,7532.0,7530.0,7531.0,151,NQ.v.0
2019-06-17 19:04:00+00:00,33,1,9166,7531.5,7534.0,7530.5,7533.5,134,NQ.v.0
2019-06-17 19:05:00+00:00,33,1,9166,7533.75,7536.5,7533.25,7536.25,133,NQ.v.0
2019-06-17 19:06:00+00:00,33,1,9166,7536.5,7536.75,7535.5,7535.75,64,NQ.v.0
2019-06-17 19:07:00+00:00,33,1,9166,7536.0,7536.0,7535.25,7535.75,103,NQ.v.0
2019-06-17 19:08:00+00:00,33,1,9166,7536.25,7536.25,7535.5,7536.0,42,NQ.v.0
2019-06-17 19:09:00+00:00,33,1,9166,7536.0,7536.75,7535.75,7536.0,78,NQ.v.0
2019-06-17 19:10:00+00:00,33,1,9166,7536.25,7536.5,7535.75,7536.0,31,NQ.v.0
2019-06-17 19:11:00+00:00,33,1,9166,7536.25,7538.5,7536.25,7538.25,197,NQ.v.0
2019-06-17 19:12:00+00:00,33,1,9166,7538.5,7538.5,7537.0,7537.25,89,NQ.v.0
2019-06-17 19:13:00+00:00,33,1,9166,7537.5,7538.5,7537.25,7538.0,70,NQ.v.0
2019-06-17 19:14:00+00:00,33,1,9166,7538.25,7538.25,7537.25,7537.75,46,NQ.v.0
2019-06-17 19:15:00+00:00,33,1,9166,7537.25,7538.25,7537.25,7538.25,53,NQ.v.0
2019-06-17 19:16:00+00:00,33,1,9166,7538.25,7540.5,7538.25,7539.0,121,NQ.v.0
2019-06-17 19:17:00+00:00,33,1,9166,7539.25,7539.5,7537.75,7537.75,69,NQ.v.0
2019-06-17 19:18:00+00:00,33,1,9166,7537.75,7538.25,7535.75,7536.0,89,NQ.v.0
2019-06-17 19:19:00+00:00,33,1,9166,7536.25,7536.25,7535.0,7536.25,56,NQ.v.0
2019-06-17 19:20:00+00:00,33,1,9166,7536.0,7537.0,7535.75,7536.75,70,NQ.v.0
2019-06-17 19:21:00+00:00,33,1,9166,7537.0,7537.0,7534.25,7535.25,69,NQ.v.0
2019-06-17 19:22:00+00:00,33,1,9166,7535.75,7536.75,7535.25,7536.5,53,NQ.v.0
2019-06-17 19:23:00+00:00,33,1,9166,7536.5,7537.75,7536.25,7536.5,53,NQ.v.0
2019-06-17 19:24:00+00:00,33,1,9166,7536.0,7537.5,7535.75,7537.0,59,NQ.v.0
2019-06-17 19:25:00+00:00,33,1,9166,7537.0,7538.5,7536.75,7538.0,62,NQ.v.0
2019-06-17 19:26:00+00:00,33,1,9166,7538.25,7541.25,7537.75,7541.25,106,NQ.v.0
2019-06-17 19:27:00+00:00,33,1,9166,7541.0,7541.5,7540.25,7540.25,122,NQ.v.0
2019-06-17 19:28:00+00:00,33,1,9166,7540.5,7540.75,7538.5,7539.0,80,NQ.v.0
2019-06-17 19:29:00+00:00,33,1,9166,7539.25,7539.5,7538.25,7539.25,55,NQ.v.0
2019-06-17 19:30:00+00:00,33,1,9166,7538.75,7539.0,7530.0,7531.0,384,NQ.v.0
2019-06-17 19:31:00+00:00,33,1,9166,7530.5,7533.75,7530.25,7533.75,291,NQ.v.0
2019-06-17 19:32:00+00:00,33,1,9166,7533.75,7534.5,7532.25,7534.0,96,NQ.v.0
2019-06-17 19:33:00+00:00,33,1,9166,7534.25,7536.25,7533.5,7536.25,200,NQ.v.0
2019-06-17 19:34:00+00:00,33,1,9166,7536.0,7536.5,7535.0,7535.25,101,NQ.v.0
2019-06-17 19:35:00+00:00,33,1,9166,7535.25,7536.5,7534.25,7534.5,73,NQ.v.0
2019-06-17 19:36:00+00:00,33,1,9166,7534.75,7534.75,7531.75,7531.75,83,NQ.v.0
2019-06-17 19:37:00+00:00,33,1,9166,7532.75,7533.75,7532.0,7532.0,89,NQ.v.0
2019-06-17 19:38:00+00:00,33,1,9166,7532.25,7532.5,7529.0,7529.25,107,NQ.v.0
2019-06-17 19:39:00+00:00,33,1,9166,7529.25,7529.25,7526.0,7526.0,408,NQ.v.0
2019-06-17 19:40:00+00:00,33,1,9166,7526.25,7529.25,7526.0,7526.75,199,NQ.v.0
2019-06-17 19:41:00+00:00,33,1,9166,7527.0,7527.75,7526.0,7526.75,232,NQ.v.0
2019-06-17 19:42:00+00:00,33,1,9166,7526.5,7528.75,7526.0,7528.0,103,NQ.v.0
2019-06-17 19:43:00+00:00,33,1,9166,7528.0,7530.25,7527.25,7530.25,163,NQ.v.0
2019-06-17 19:44:00+00:00,33,1,9166,7530.25,7530.25,7528.5,7528.75,87,NQ.v.0
2019-06-17 19:45:00+00:00,33,1,9166,7528.5,7531.25,7527.75,7530.75,124,NQ.v.0
2019-06-17 19:46:00+00:00,33,1,9166,7530.25,7530.5,7529.25,7530.0,54,NQ.v.0
2019-06-17 19:47:00+00:00,33,1,9166,7530.0,7530.25,7529.0,7529.75,40,NQ.v.0
2019-06-17 19:48:00+00:00,33,1,9166,7529.25,7531.5,7529.25,7531.0,160,NQ.v.0
2019-06-17 19:49:00+00:00,33,1,9166,7530.75,7530.75,7528.5,7529.0,106,NQ.v.0
2019-06-17 19:50:00+00:00,33,1,9166,7529.5,7529.5,7521.25,7523.25,504,NQ.v.0
2019-06-17 19:51:00+00:00,33,1,9166,7523.75,7527.75,7523.0,7527.0,144,NQ.v.0
2019-06-17 19:52:00+00:00,33,1,9166,7527.0,7527.75,7526.25,7526.25,154,NQ.v.0
2019-06-17 19:53:00+00:00,33,1,9166,7526.25,7527.5,7525.5,7527.5,142,NQ.v.0
2019-06-17 19:54:00+00:00,33,1,9166,7527.5,7529.5,7525.0,7525.5,267,NQ.v.0
2019-06-17 19:55:00+00:00,33,1,9166,7525.5,7533.0,7525.25,7525.25,739,NQ.v.0
2019-06-17 19:56:00+00:00,33,1,9166,7525.5,7526.25,7524.5,7525.75,193,NQ.v.0
2019-06-17 19:57:00+00:00,33,1,9166,7526.0,7526.5,7523.0,7523.5,218,NQ.v.0
2019-06-17 19:58:00+00:00,33,1,9166,7523.5,7524.5,7521.0,7524.5,549,NQ.v.0
2019-06-17 19:59:00+00:00,33,1,9166,7524.5,7529.0,7520.5,7529.0,1732,NQ.v.0
2019-06-17 20:00:00+00:00,33,1,9166,7528.75,7530.75,7526.75,7529.75,1186,NQ.v.0
2019-06-17 20:01:00+00:00,33,1,9166,7530.0,7532.5,7529.75,7531.75,353,NQ.v.0
2019-06-17 20:02:00+00:00,33,1,9166,7532.25,7532.75,7532.0,7532.5,165,NQ.v.0
2019-06-17 20:03:00+00:00,33,1,9166,7532.5,7532.75,7531.0,7531.0,169,NQ.v.0
2019-06-17 20:04:00+00:00,33,1,9166,7531.25,7533.0,7530.5,7533.0,172,NQ.v.0
2019-06-17 20:05:00+00:00,33,1,9166,7533.0,7534.25,7532.5,7534.0,199,NQ.v.0
2019-06-17 20:06:00+00:00,33,1,9166,7534.25,7535.5,7534.25,7535.0,137,NQ.v.0
2019-06-17 20:07:00+00:00,33,1,9166,7535.25,7535.5,7535.0,7535.25,76,NQ.v.0
2019-06-17 20:08:00+00:00,33,1,9166,7535.25,7536.0,7534.75,7536.0,198,NQ.v.0
2019-06-17 20:09:00+00:00,33,1,9166,7536.0,7536.25,7533.25,7534.0,129,NQ.v.0
2019-06-17 20:10:00+00:00,33,1,9166,7534.25,7534.75,7533.5,7533.5,34,NQ.v.0
2019-06-17 20:11:00+00:00,33,1,9166,7533.75,7534.75,7533.5,7534.5,67,NQ.v.0
2019-06-17 20:12:00+00:00,33,1,9166,7534.75,7536.0,7534.25,7534.75,53,NQ.v.0
2019-06-17 20:13:00+00:00,33,1,9166,7535.0,7537.0,7534.75,7535.75,45,NQ.v.0
2019-06-17 20:14:00+00:00,33,1,9166,7535.75,7536.0,7534.0,7534.25,161,NQ.v.0
2019-06-17 20:30:00+00:00,33,1,9166,7534.5,7537.75,7534.0,7536.0,79,NQ.v.0
2019-06-17 20:31:00+00:00,33,1,9166,7536.5,7536.5,7535.5,7535.5,34,NQ.v.0
2019-06-17 20:32:00+00:00,33,1,9166,7535.75,7535.75,7535.25,7535.25,9,NQ.v.0
2019-06-17 20:33:00+00:00,33,1,9166,7536.0,7536.0,7535.0,7535.0,8,NQ.v.0
2019-06-17 20:34:00+00:00,33,1,9166,7535.75,7535.75,7535.75,7535.75,1,NQ.v.0
2019-06-17 20:35:00+00:00,33,1,9166,7535.75,7535.75,7535.25,7535.25,7,NQ.v.0
2019-06-17 20:36:00+00:00,33,1,9166,7535.75,7535.75,7535.25,7535.25,6,NQ.v.0
2019-06-17 20:37:00+00:00,33,1,9166,7535.0,7535.25,7535.0,7535.0,3,NQ.v.0
2019-06-17 20:38:00+00:00,33,1,9166,7534.25,7535.0,7534.25,7535.0,7,NQ.v.0
2019-06-17 20:39:00+00:00,33,1,9166,7535.5,7535.5,7535.0,7535.0,2,NQ.v.0
2019-06-17 20:40:00+00:00,33,1,9166,7535.5,7536.5,7535.0,7536.5,18,NQ.v.0
2019-06-17 20:41:00+00:00,33,1,9166,7536.5,7536.5,7536.0,7536.0,6,NQ.v.0
2019-06-17 20:42:00+00:00,33,1,9166,7536.0,7536.25,7536.0,7536.0,10,NQ.v.0
2019-06-17 20:43:00+00:00,33,1,9166,7536.5,7536.5,7536.0,7536.25,17,NQ.v.0
2019-06-17 20:44:00+00:00,33,1,9166,7536.0,7537.0,7536.0,7536.5,16,NQ.v.0
2019-06-17 20:45:00+00:00,33,1,9166,7537.0,7537.5,7536.25,7536.75,38,NQ.v.0
2019-06-17 20:46:00+00:00,33,1,9166,7537.25,7537.75,7536.5,7536.5,12,NQ.v.0
2019-06-17 20:47:00+00:00,33,1,9166,7537.5,7538.0,7536.75,7538.0,18,NQ.v.0
2019-06-17 20:48:00+00:00,33,1,9166,7537.75,7537.75,7537.25,7537.25,5,NQ.v.0
2019-06-17 20:49:00+00:00,33,1,9166,7538.0,7538.5,7537.25,7538.5,20,NQ.v.0
2019-06-17 20:50:00+00:00,33,1,9166,7538.5,7539.25,7536.75,7539.25,138,NQ.v.0
2019-06-17 20:51:00+00:00,33,1,9166,7539.0,7539.0,7537.5,7538.75,14,NQ.v.0
2019-06-17 20:52:00+00:00,33,1,9166,7538.0,7538.0,7538.0,7538.0,1,NQ.v.0
2019-06-17 20:53:00+00:00,33,1,9166,7538.0,7539.75,7537.5,7539.0,41,NQ.v.0
2019-06-17 20:54:00+00:00,33,1,9166,7538.75,7539.0,7538.5,7538.5,20,NQ.v.0
2019-06-17 20:55:00+00:00,33,1,9166,7539.25,7539.5,7537.75,7538.5,41,NQ.v.0
2019-06-17 20:56:00+00:00,33,1,9166,7538.75,7539.5,7538.0,7539.5,20,NQ.v.0
2019-06-17 20:57:00+00:00,33,1,9166,7538.75,7538.75,7538.25,7538.25,5,NQ.v.0
2019-06-17 20:58:00+00:00,33,1,9166,7539.0,7539.0,7539.0,7539.0,2,NQ.v.0
2019-06-17 20:59:00+00:00,33,1,9166,7539.75,7542.25,7539.0,7540.0,56,NQ.v.0
2019-06-17 22:00:00+00:00,33,1,9166,7542.25,7542.75,7541.75,7541.75,34,NQ.v.0
2019-06-17 22:01:00+00:00,33,1,9166,7542.25,7542.5,7541.0,7541.0,20,NQ.v.0
2019-06-17 22:02:00+00:00,33,1,9166,7541.0,7541.25,7539.75,7541.0,7,NQ.v.0
2019-06-17 22:03:00+00:00,33,1,9166,7541.0,7542.5,7540.75,7542.5,13,NQ.v.0
2019-06-17 22:04:00+00:00,33,1,9166,7542.25,7542.75,7542.0,7542.5,11,NQ.v.0
2019-06-17 22:05:00+00:00,33,1,9166,7542.25,7542.75,7542.25,7542.25,6,NQ.v.0
2019-06-17 22:06:00+00:00,33,1,9166,7542.25,7542.75,7542.0,7542.75,36,NQ.v.0
2019-06-17 22:07:00+00:00,33,1,9166,7542.0,7542.5,7542.0,7542.25,6,NQ.v.0
2019-06-17 22:08:00+00:00,33,1,9166,7542.75,7542.75,7542.25,7542.25,5,NQ.v.0
2019-06-17 22:09:00+00:00,33,1,9166,7542.25,7542.25,7542.0,7542.0,9,NQ.v.0
2019-06-17 22:10:00+00:00,33,1,9166,7542.0,7542.0,7542.0,7542.0,2,NQ.v.0
2019-06-17 22:11:00+00:00,33,1,9166,7542.25,7542.5,7542.25,7542.5,8,NQ.v.0
2019-06-17 22:12:00+00:00,33,1,9166,7542.0,7542.25,7542.0,7542.25,8,NQ.v.0
2019-06-17 22:13:00+00:00,33,1,9166,7542.25,7542.25,7542.25,7542.25,2,NQ.v.0
2019-06-17 22:14:00+00:00,33,1,9166,7542.25,7542.25,7542.0,7542.0,3,NQ.v.0
2019-06-17 22:15:00+00:00,33,1,9166,7542.0,7542.5,7542.0,7542.5,5,NQ.v.0
2019-06-17 22:16:00+00:00,33,1,9166,7542.0,7542.0,7542.0,7542.0,2,NQ.v.0
2019-06-17 22:17:00+00:00,33,1,9166,7542.25,7542.75,7542.0,7542.25,12,NQ.v.0
2019-06-17 22:18:00+00:00,33,1,9166,7542.5,7542.5,7542.5,7542.5,2,NQ.v.0
2019-06-17 22:19:00+00:00,33,1,9166,7542.25,7542.25,7542.25,7542.25,1,NQ.v.0
2019-06-17 22:20:00+00:00,33,1,9166,7542.25,7542.25,7542.0,7542.0,14,NQ.v.0
2019-06-17 22:21:00+00:00,33,1,9166,7542.0,7542.0,7542.0,7542.0,1,NQ.v.0
2019-06-17 22:22:00+00:00,33,1,9166,7542.0,7542.5,7542.0,7542.0,6,NQ.v.0
2019-06-17 22:23:00+00:00,33,1,9166,7542.0,7542.5,7542.0,7542.5,4,NQ.v.0
2019-06-17 22:25:00+00:00,33,1,9166,7542.25,7542.25,7542.0,7542.0,3,NQ.v.0
2019-06-17 22:26:00+00:00,33,1,9166,7542.0,7542.0,7542.0,7542.0,11,NQ.v.0
2019-06-17 22:27:00+00:00,33,1,9166,7541.75,7542.0,7541.75,7541.75,3,NQ.v.0
2019-06-17 22:28:00+00:00,33,1,9166,7541.75,7542.0,7541.75,7541.75,6,NQ.v.0
2019-06-17 22:29:00+00:00,33,1,9166,7541.75,7541.75,7541.75,7541.75,1,NQ.v.0
2019-06-17 22:31:00+00:00,33,1,9166,7541.5,7541.5,7541.5,7541.5,1,NQ.v.0
2019-06-17 22:32:00+00:00,33,1,9166,7541.5,7541.5,7541.25,7541.25,2,NQ.v.0
2019-06-17 22:33:00+00:00,33,1,9166,7541.0,7541.0,7540.75,7540.75,5,NQ.v.0
2019-06-17 22:34:00+00:00,33,1,9166,7540.75,7541.25,7540.75,7541.25,8,NQ.v.0
2019-06-17 22:35:00+00:00,33,1,9166,7541.5,7541.5,7541.5,7541.5,2,NQ.v.0
2019-06-17 22:36:00+00:00,33,1,9166,7540.75,7541.0,7540.75,7541.0,3,NQ.v.0
2019-06-17 22:37:00+00:00,33,1,9166,7540.75,7541.0,7539.75,7541.0,20,NQ.v.0
2019-06-17 22:38:00+00:00,33,1,9166,7541.25,7541.5,7540.75,7540.75,7,NQ.v.0
2019-06-17 22:39:00+00:00,33,1,9166,7540.0,7540.5,7539.75,7540.5,5,NQ.v.0
2019-06-17 22:40:00+00:00,33,1,9166,7540.0,7540.0,7539.75,7539.75,3,NQ.v.0
2019-06-17 22:41:00+00:00,33,1,9166,7540.0,7540.0,7539.25,7539.5,8,NQ.v.0
2019-06-17 22:42:00+00:00,33,1,9166,7539.75,7539.75,7538.75,7538.75,14,NQ.v.0
2019-06-17 22:43:00+00:00,33,1,9166,7538.75,7539.0,7538.5,7538.5,5,NQ.v.0
2019-06-17 22:44:00+00:00,33,1,9166,7538.5,7538.5,7537.5,7538.0,15,NQ.v.0
2019-06-17 22:45:00+00:00,33,1,9166,7538.0,7539.0,7537.75,7539.0,20,NQ.v.0
2019-06-17 22:46:00+00:00,33,1,9166,7539.75,7540.0,7539.75,7539.75,4,NQ.v.0
2019-06-17 22:47:00+00:00,33,1,9166,7539.75,7539.75,7539.75,7539.75,4,NQ.v.0
2019-06-17 22:48:00+00:00,33,1,9166,7539.75,7539.75,7539.75,7539.75,2,NQ.v.0
2019-06-17 22:50:00+00:00,33,1,9166,7539.25,7539.25,7539.25,7539.25,2,NQ.v.0
2019-06-17 22:51:00+00:00,33,1,9166,7539.0,7539.5,7538.75,7539.5,8,NQ.v.0
2019-06-17 22:53:00+00:00,33,1,9166,7538.75,7538.75,7538.5,7538.5,5,NQ.v.0
2019-06-17 22:55:00+00:00,33,1,9166,7538.25,7538.5,7538.25,7538.5,3,NQ.v.0
2019-06-17 22:56:00+00:00,33,1,9166,7538.25,7538.25,7538.25,7538.25,1,NQ.v.0
2019-06-17 22:57:00+00:00,33,1,9166,7538.25,7538.25,7538.25,7538.25,3,NQ.v.0
2019-06-17 22:58:00+00:00,33,1,9166,7538.25,7538.75,7538.25,7538.75,6,NQ.v.0
2019-06-17 22:59:00+00:00,33,1,9166,7539.0,7539.0,7537.5,7537.75,20,NQ.v.0
2019-06-17 23:00:00+00:00,33,1,9166,7537.75,7537.75,7537.75,7537.75,3,NQ.v.0
2019-06-17 23:01:00+00:00,33,1,9166,7537.75,7537.75,7537.75,7537.75,1,NQ.v.0
2019-06-17 23:02:00+00:00,33,1,9166,7537.75,7538.25,7537.75,7538.25,11,NQ.v.0
2019-06-17 23:03:00+00:00,33,1,9166,7539.0,7539.0,7538.25,7538.5,4,NQ.v.0
2019-06-17 23:04:00+00:00,33,1,9166,7538.75,7539.0,7538.5,7538.5,5,NQ.v.0
2019-06-17 23:05:00+00:00,33,1,9166,7538.75,7538.75,7538.5,7538.5,4,NQ.v.0
2019-06-17 23:06:00+00:00,33,1,9166,7538.5,7539.0,7538.5,7538.75,10,NQ.v.0
2019-06-17 23:07:00+00:00,33,1,9166,7538.75,7538.75,7538.5,7538.5,5,NQ.v.0
2019-06-17 23:09:00+00:00,33,1,9166,7538.0,7538.25,7538.0,7538.25,2,NQ.v.0
2019-06-17 23:10:00+00:00,33,1,9166,7538.5,7539.25,7538.5,7539.25,6,NQ.v.0
2019-06-17 23:11:00+00:00,33,1,9166,7539.25,7540.0,7539.25,7539.75,14,NQ.v.0
2019-06-17 23:12:00+00:00,33,1,9166,7540.25,7540.5,7540.0,7540.0,18,NQ.v.0
2019-06-17 23:13:00+00:00,33,1,9166,7540.25,7540.25,7540.0,7540.0,9,NQ.v.0
2019-06-17 23:14:00+00:00,33,1,9166,7540.5,7540.5,7540.5,7540.5,4,NQ.v.0
2019-06-17 23:15:00+00:00,33,1,9166,7541.25,7542.75,7541.25,7541.25,26,NQ.v.0
2019-06-17 23:16:00+00:00,33,1,9166,7541.25,7541.5,7541.25,7541.5,5,NQ.v.0
2019-06-17 23:17:00+00:00,33,1,9166,7541.25,7541.25,7540.75,7541.25,23,NQ.v.0
2019-06-17 23:18:00+00:00,33,1,9166,7541.25,7541.25,7541.0,7541.0,4,NQ.v.0
2019-06-17 23:19:00+00:00,33,1,9166,7540.75,7541.0,7540.75,7541.0,7,NQ.v.0
2019-06-17 23:20:00+00:00,33,1,9166,7541.25,7541.5,7541.25,7541.5,4,NQ.v.0
2019-06-17 23:21:00+00:00,33,1,9166,7540.75,7540.75,7540.75,7540.75,1,NQ.v.0
2019-06-17 23:22:00+00:00,33,1,9166,7541.0,7541.0,7541.0,7541.0,1,NQ.v.0
2019-06-17 23:23:00+00:00,33,1,9166,7541.5,7541.75,7541.5,7541.75,5,NQ.v.0
2019-06-17 23:24:00+00:00,33,1,9166,7541.0,7541.5,7541.0,7541.25,21,NQ.v.0
2019-06-17 23:25:00+00:00,33,1,9166,7541.5,7542.0,7541.25,7541.75,28,NQ.v.0
2019-06-17 23:26:00+00:00,33,1,9166,7541.75,7542.0,7541.75,7541.75,7,NQ.v.0
2019-06-17 23:27:00+00:00,33,1,9166,7541.75,7541.75,7541.25,7541.25,13,NQ.v.0
2019-06-17 23:28:00+00:00,33,1,9166,7540.75,7540.75,7540.75,7540.75,2,NQ.v.0
2019-06-17 23:29:00+00:00,33,1,9166,7540.75,7540.75,7539.75,7540.5,12,NQ.v.0
2019-06-17 23:30:00+00:00,33,1,9166,7540.25,7540.25,7539.75,7540.25,12,NQ.v.0
2019-06-17 23:31:00+00:00,33,1,9166,7540.5,7540.5,7540.25,7540.5,11,NQ.v.0
2019-06-17 23:32:00+00:00,33,1,9166,7540.25,7540.25,7540.25,7540.25,4,NQ.v.0
2019-06-17 23:33:00+00:00,33,1,9166,7540.0,7540.0,7540.0,7540.0,7,NQ.v.0
2019-06-17 23:34:00+00:00,33,1,9166,7540.25,7540.25,7540.25,7540.25,2,NQ.v.0
2019-06-17 23:35:00+00:00,33,1,9166,7540.25,7540.25,7540.0,7540.0,6,NQ.v.0
2019-06-17 23:36:00+00:00,33,1,9166,7539.75,7539.75,7539.25,7539.25,12,NQ.v.0
2019-06-17 23:37:00+00:00,33,1,9166,7539.0,7539.0,7537.75,7537.75,19,NQ.v.0
2019-06-17 23:38:00+00:00,33,1,9166,7538.25,7538.25,7537.5,7537.5,16,NQ.v.0
2019-06-17 23:39:00+00:00,33,1,9166,7537.25,7537.5,7537.0,7537.5,18,NQ.v.0
2019-06-17 23:40:00+00:00,33,1,9166,7537.25,7537.5,7537.0,7537.0,6,NQ.v.0
2019-06-17 23:41:00+00:00,33,1,9166,7536.5,7537.5,7536.25,7537.25,32,NQ.v.0
2019-06-17 23:42:00+00:00,33,1,9166,7537.75,7537.75,7537.75,7537.75,4,NQ.v.0
2019-06-17 23:43:00+00:00,33,1,9166,7537.5,7538.0,7537.5,7538.0,4,NQ.v.0
2019-06-17 23:44:00+00:00,33,1,9166,7537.75,7538.25,7537.75,7538.0,3,NQ.v.0
2019-06-17 23:45:00+00:00,33,1,9166,7537.5,7537.5,7537.25,7537.5,6,NQ.v.0
2019-06-17 23:46:00+00:00,33,1,9166,7537.5,7538.25,7537.5,7537.75,11,NQ.v.0
2019-06-17 23:47:00+00:00,33,1,9166,7538.25,7538.5,7538.25,7538.5,6,NQ.v.0
2019-06-17 23:48:00+00:00,33,1,9166,7538.5,7539.25,7538.5,7539.25,7,NQ.v.0
2019-06-17 23:49:00+00:00,33,1,9166,7539.25,7539.5,7539.0,7539.25,6,NQ.v.0
2019-06-17 23:50:00+00:00,33,1,9166,7539.0,7539.5,7539.0,7539.0,3,NQ.v.0
2019-06-17 23:51:00+00:00,33,1,9166,7538.5,7538.5,7536.25,7536.75,8,NQ.v.0
2019-06-17 23:52:00+00:00,33,1,9166,7536.5,7536.5,7535.0,7535.5,40,NQ.v.0
2019-06-17 23:53:00+00:00,33,1,9166,7534.75,7536.0,7534.75,7535.75,12,NQ.v.0
2019-06-17 23:54:00+00:00,33,1,9166,7536.0,7536.5,7535.5,7535.5,48,NQ.v.0
2019-06-17 23:55:00+00:00,33,1,9166,7535.5,7536.0,7535.25,7536.0,16,NQ.v.0
2019-06-17 23:56:00+00:00,33,1,9166,7535.75,7535.75,7535.75,7535.75,2,NQ.v.0
2019-06-17 23:57:00+00:00,33,1,9166,7535.75,7536.75,7535.25,7536.75,17,NQ.v.0
2019-06-17 23:58:00+00:00,33,1,9166,7536.5,7536.75,7536.5,7536.75,2,NQ.v.0
2019-06-17 23:59:00+00:00,33,1,9166,7536.5,7536.75,7536.5,7536.75,4,NQ.v.0
2019-06-18 00:00:00+00:00,33,1,9166,7537.0,7537.25,7535.25,7535.25,63,NQ.v.0
2019-06-18 00:01:00+00:00,33,1,9166,7535.5,7538.25,7535.0,7536.25,50,NQ.v.0
2019-06-18 00:02:00+00:00,33,1,9166,7536.25,7537.75,7535.5,7537.75,41,NQ.v.0
2019-06-18 00:03:00+00:00,33,1,9166,7537.5,7537.5,7536.25,7536.75,28,NQ.v.0
2019-06-18 00:04:00+00:00,33,1,9166,7537.0,7537.0,7536.5,7536.75,15,NQ.v.0
2019-06-18 00:05:00+00:00,33,1,9166,7536.75,7538.5,7536.75,7537.75,23,NQ.v.0
2019-06-18 00:06:00+00:00,33,1,9166,7538.0,7538.5,7537.25,7537.25,36,NQ.v.0
2019-06-18 00:07:00+00:00,33,1,9166,7537.5,7539.0,7537.5,7539.0,34,NQ.v.0
2019-06-18 00:08:00+00:00,33,1,9166,7539.25,7541.25,7539.25,7539.5,71,NQ.v.0
2019-06-18 00:09:00+00:00,33,1,9166,7539.25,7539.75,7539.0,7539.0,32,NQ.v.0
2019-06-18 00:10:00+00:00,33,1,9166,7539.25,7540.25,7538.5,7539.5,53,NQ.v.0
2019-06-18 00:11:00+00:00,33,1,9166,7539.75,7540.5,7539.75,7540.0,43,NQ.v.0
2019-06-18 00:12:00+00:00,33,1,9166,7540.0,7540.75,7539.75,7539.75,46,NQ.v.0
2019-06-18 00:13:00+00:00,33,1,9166,7540.0,7541.25,7539.25,7540.5,69,NQ.v.0
2019-06-18 00:14:00+00:00,33,1,9166,7540.5,7542.75,7540.5,7541.75,83,NQ.v.0
2019-06-18 00:15:00+00:00,33,1,9166,7541.75,7542.0,7539.5,7540.25,89,NQ.v.0
2019-06-18 00:16:00+00:00,33,1,9166,7540.75,7540.75,7539.0,7539.0,30,NQ.v.0
2019-06-18 00:17:00+00:00,33,1,9166,7539.0,7539.75,7538.5,7539.75,22,NQ.v.0
2019-06-18 00:18:00+00:00,33,1,9166,7539.75,7539.75,7539.25,7539.75,11,NQ.v.0
2019-06-18 00:19:00+00:00,33,1,9166,7539.75,7540.25,7539.5,7539.5,23,NQ.v.0
2019-06-18 00:20:00+00:00,33,1,9166,7540.0,7540.75,7540.0,7540.25,24,NQ.v.0
2019-06-18 00:21:00+00:00,33,1,9166,7540.0,7540.25,7539.25,7540.25,27,NQ.v.0
2019-06-18 00:22:00+00:00,33,1,9166,7540.5,7540.5,7540.0,7540.0,8,NQ.v.0
2019-06-18 00:23:00+00:00,33,1,9166,7540.0,7540.5,7540.0,7540.25,8,NQ.v.0
2019-06-18 00:24:00+00:00,33,1,9166,7540.0,7540.5,7540.0,7540.5,8,NQ.v.0
2019-06-18 00:25:00+00:00,33,1,9166,7540.5,7540.5,7539.5,7539.5,15,NQ.v.0
2019-06-18 00:26:00+00:00,33,1,9166,7539.5,7540.75,7539.5,7540.75,26,NQ.v.0
2019-06-18 00:27:00+00:00,33,1,9166,7541.0,7542.25,7541.0,7541.5,42,NQ.v.0
2019-06-18 00:28:00+00:00,33,1,9166,7541.5,7542.25,7541.0,7542.0,43,NQ.v.0
2019-06-18 00:29:00+00:00,33,1,9166,7542.0,7542.25,7541.5,7541.5,11,NQ.v.0
2019-06-18 00:30:00+00:00,33,1,9166,7541.5,7542.25,7541.5,7542.0,40,NQ.v.0
2019-06-18 00:31:00+00:00,33,1,9166,7542.25,7542.25,7541.5,7541.5,10,NQ.v.0
2019-06-18 00:32:00+00:00,33,1,9166,7541.0,7541.75,7541.0,7541.75,13,NQ.v.0
2019-06-18 00:33:00+00:00,33,1,9166,7542.25,7542.5,7542.0,7542.0,24,NQ.v.0
2019-06-18 00:34:00+00:00,33,1,9166,7542.0,7542.0,7541.5,7541.5,5,NQ.v.0
2019-06-18 00:35:00+00:00,33,1,9166,7541.75,7541.75,7541.5,7541.5,13,NQ.v.0
2019-06-18 00:36:00+00:00,33,1,9166,7541.75,7542.0,7541.5,7541.5,16,NQ.v.0
2019-06-18 00:37:00+00:00,33,1,9166,7541.25,7541.5,7540.75,7541.5,21,NQ.v.0
2019-06-18 00:38:00+00:00,33,1,9166,7541.5,7542.0,7541.5,7541.75,15,NQ.v.0
2019-06-18 00:39:00+00:00,33,1,9166,7541.75,7541.75,7541.25,7541.25,9,NQ.v.0
2019-06-18 00:40:00+00:00,33,1,9166,7541.0,7541.25,7540.5,7540.5,17,NQ.v.0
2019-06-18 00:41:00+00:00,33,1,9166,7540.5,7541.0,7540.5,7540.75,15,NQ.v.0
2019-06-18 00:42:00+00:00,33,1,9166,7540.75,7540.75,7539.5,7539.5,19,NQ.v.0
2019-06-18 00:43:00+00:00,33,1,9166,7539.5,7539.5,7538.75,7539.25,17,NQ.v.0
2019-06-18 00:44:00+00:00,33,1,9166,7539.75,7539.75,7538.75,7539.0,14,NQ.v.0
2019-06-18 00:45:00+00:00,33,1,9166,7539.5,7540.0,7539.5,7539.5,28,NQ.v.0
2019-06-18 00:46:00+00:00,33,1,9166,7539.25,7539.5,7538.75,7538.75,29,NQ.v.0
2019-06-18 00:47:00+00:00,33,1,9166,7539.0,7539.75,7539.0,7539.5,9,NQ.v.0
2019-06-18 00:48:00+00:00,33,1,9166,7540.0,7540.0,7539.75,7540.0,11,NQ.v.0
2019-06-18 00:49:00+00:00,33,1,9166,7539.75,7540.25,7539.5,7540.0,26,NQ.v.0
2019-06-18 00:50:00+00:00,33,1,9166,7540.25,7540.5,7540.25,7540.25,14,NQ.v.0
2019-06-18 00:51:00+00:00,33,1,9166,7539.75,7539.75,7539.75,7539.75,8,NQ.v.0
2019-06-18 00:52:00+00:00,33,1,9166,7539.75,7540.5,7539.75,7540.5,9,NQ.v.0
2019-06-18 00:53:00+00:00,33,1,9166,7540.5,7540.5,7540.0,7540.25,14,NQ.v.0
2019-06-18 00:54:00+00:00,33,1,9166,7540.25,7541.5,7540.25,7540.75,29,NQ.v.0
2019-06-18 00:55:00+00:00,33,1,9166,7541.0,7541.0,7540.5,7540.75,17,NQ.v.0
2019-06-18 00:56:00+00:00,33,1,9166,7540.75,7540.75,7540.5,7540.5,2,NQ.v.0
2019-06-18 00:57:00+00:00,33,1,9166,7540.25,7541.25,7540.25,7541.0,18,NQ.v.0
2019-06-18 00:58:00+00:00,33,1,9166,7540.75,7542.0,7540.75,7541.25,21,NQ.v.0
2019-06-18 00:59:00+00:00,33,1,9166,7541.0,7541.0,7540.25,7540.75,29,NQ.v.0
2019-06-18 01:00:00+00:00,33,1,9166,7541.25,7542.75,7539.75,7540.0,56,NQ.v.0
2019-06-18 01:01:00+00:00,33,1,9166,7540.25,7541.5,7540.25,7541.0,36,NQ.v.0
2019-06-18 01:02:00+00:00,33,1,9166,7541.0,7545.5,7541.0,7545.0,140,NQ.v.0
2019-06-18 01:03:00+00:00,33,1,9166,7545.0,7547.25,7545.0,7547.25,108,NQ.v.0
2019-06-18 01:04:00+00:00,33,1,9166,7547.0,7547.25,7545.75,7545.75,47,NQ.v.0
2019-06-18 01:05:00+00:00,33,1,9166,7546.25,7546.5,7544.0,7544.0,50,NQ.v.0
2019-06-18 01:06:00+00:00,33,1,9166,7544.25,7544.75,7544.0,7544.25,68,NQ.v.0
2019-06-18 01:07:00+00:00,33,1,9166,7544.25,7544.75,7544.0,7544.0,25,NQ.v.0
2019-06-18 01:08:00+00:00,33,1,9166,7544.5,7545.5,7544.25,7545.25,18,NQ.v.0
2019-06-18 01:09:00+00:00,33,1,9166,7545.25,7545.25,7544.25,7544.25,22,NQ.v.0
2019-06-18 01:10:00+00:00,33,1,9166,7544.75,7545.25,7544.25,7544.25,20,NQ.v.0
2019-06-18 01:11:00+00:00,33,1,9166,7544.25,7545.5,7544.25,7545.5,64,NQ.v.0
2019-06-18 01:12:00+00:00,33,1,9166,7545.5,7546.25,7545.25,7545.5,33,NQ.v.0
2019-06-18 01:13:00+00:00,33,1,9166,7546.0,7546.25,7545.75,7545.75,14,NQ.v.0
2019-06-18 01:14:00+00:00,33,1,9166,7545.25,7546.25,7543.75,7545.0,132,NQ.v.0
2019-06-18 01:15:00+00:00,33,1,9166,7545.5,7548.25,7545.5,7547.75,108,NQ.v.0
2019-06-18 01:16:00+00:00,33,1,9166,7548.0,7548.5,7546.5,7547.25,171,NQ.v.0
2019-06-18 01:17:00+00:00,33,1,9166,7547.5,7547.75,7546.0,7546.75,17,NQ.v.0
2019-06-18 01:18:00+00:00,33,1,9166,7546.5,7547.25,7545.25,7547.25,116,NQ.v.0
2019-06-18 01:19:00+00:00,33,1,9166,7546.75,7547.0,7546.75,7546.75,8,NQ.v.0
2019-06-18 01:20:00+00:00,33,1,9166,7547.25,7547.5,7546.0,7546.5,32,NQ.v.0
2019-06-18 01:21:00+00:00,33,1,9166,7546.25,7547.75,7545.0,7546.0,140,NQ.v.0
2019-06-18 01:22:00+00:00,33,1,9166,7546.75,7547.0,7545.5,7546.25,19,NQ.v.0
2019-06-18 01:23:00+00:00,33,1,9166,7546.5,7547.0,7545.75,7546.25,57,NQ.v.0
2019-06-18 01:24:00+00:00,33,1,9166,7546.0,7546.5,7544.75,7546.5,67,NQ.v.0
2019-06-18 01:25:00+00:00,33,1,9166,7546.5,7548.0,7546.25,7546.75,68,NQ.v.0
2019-06-18 01:26:00+00:00,33,1,9166,7547.0,7547.25,7545.5,7547.25,68,NQ.v.0
2019-06-18 01:27:00+00:00,33,1,9166,7547.5,7548.0,7547.25,7548.0,17,NQ.v.0
2019-06-18 01:28:00+00:00,33,1,9166,7548.0,7548.75,7547.75,7548.25,61,NQ.v.0
2019-06-18 01:29:00+00:00,33,1,9166,7548.25,7548.25,7546.75,7547.0,17,NQ.v.0
2019-06-18 01:30:00+00:00,33,1,9166,7546.75,7546.75,7544.5,7545.25,58,NQ.v.0
2019-06-18 01:31:00+00:00,33,1,9166,7545.25,7546.5,7544.75,7544.75,39,NQ.v.0
2019-06-18 01:32:00+00:00,33,1,9166,7544.75,7547.25,7544.0,7547.25,101,NQ.v.0
2019-06-18 01:33:00+00:00,33,1,9166,7547.25,7548.5,7547.0,7547.0,51,NQ.v.0
2019-06-18 01:34:00+00:00,33,1,9166,7547.0,7547.0,7545.5,7546.0,61,NQ.v.0
2019-06-18 01:35:00+00:00,33,1,9166,7546.75,7546.75,7544.5,7545.0,46,NQ.v.0
2019-06-18 01:36:00+00:00,33,1,9166,7545.0,7545.75,7543.5,7543.75,77,NQ.v.0
2019-06-18 01:37:00+00:00,33,1,9166,7543.75,7544.0,7542.0,7542.25,105,NQ.v.0
2019-06-18 01:38:00+00:00,33,1,9166,7542.0,7542.5,7541.5,7541.75,66,NQ.v.0
2019-06-18 01:39:00+00:00,33,1,9166,7541.5,7541.5,7540.25,7540.5,91,NQ.v.0
2019-06-18 01:40:00+00:00,33,1,9166,7540.75,7540.75,7539.5,7540.5,64,NQ.v.0
2019-06-18 01:41:00+00:00,33,1,9166,7540.5,7541.25,7539.5,7541.25,87,NQ.v.0
2019-06-18 01:42:00+00:00,33,1,9166,7540.75,7541.0,7540.5,7541.0,11,NQ.v.0
2019-06-18 01:43:00+00:00,33,1,9166,7541.0,7542.25,7541.0,7541.75,54,NQ.v.0
2019-06-18 01:44:00+00:00,33,1,9166,7541.5,7542.25,7540.5,7541.75,84,NQ.v.0
2019-06-18 01:45:00+00:00,33,1,9166,7541.75,7542.0,7540.5,7540.5,36,NQ.v.0
2019-06-18 01:46:00+00:00,33,1,9166,7540.75,7541.25,7540.5,7541.25,28,NQ.v.0
2019-06-18 01:47:00+00:00,33,1,9166,7541.0,7541.25,7539.0,7539.25,41,NQ.v.0
2019-06-18 01:48:00+00:00,33,1,9166,7539.0,7539.75,7538.0,7538.5,63,NQ.v.0
2019-06-18 01:49:00+00:00,33,1,9166,7538.25,7539.5,7538.0,7538.25,62,NQ.v.0
2019-06-18 01:50:00+00:00,33,1,9166,7538.0,7539.0,7538.0,7538.75,76,NQ.v.0
2019-06-18 01:51:00+00:00,33,1,9166,7538.5,7538.75,7537.5,7538.0,58,NQ.v.0
2019-06-18 01:52:00+00:00,33,1,9166,7537.75,7539.0,7537.75,7538.5,64,NQ.v.0
2019-06-18 01:53:00+00:00,33,1,9166,7538.5,7539.25,7538.5,7539.0,42,NQ.v.0
2019-06-18 01:54:00+00:00,33,1,9166,7538.75,7539.0,7538.25,7538.75,21,NQ.v.0
2019-06-18 01:55:00+00:00,33,1,9166,7538.75,7540.0,7538.75,7539.0,44,NQ.v.0
2019-06-18 01:56:00+00:00,33,1,9166,7539.0,7541.0,7539.0,7541.0,47,NQ.v.0
2019-06-18 01:57:00+00:00,33,1,9166,7541.25,7541.25,7540.75,7540.75,33,NQ.v.0
2019-06-18 01:58:00+00:00,33,1,9166,7541.0,7542.0,7540.75,7541.25,97,NQ.v.0
2019-06-18 01:59:00+00:00,33,1,9166,7541.5,7541.5,7540.25,7540.75,28,NQ.v.0
2019-06-18 02:00:00+00:00,33,1,9166,7540.75,7541.0,7540.25,7541.0,14,NQ.v.0
2019-06-18 02:01:00+00:00,33,1,9166,7540.5,7540.5,7539.75,7539.75,27,NQ.v.0
2019-06-18 02:02:00+00:00,33,1,9166,7539.5,7540.0,7539.25,7540.0,58,NQ.v.0
2019-06-18 02:03:00+00:00,33,1,9166,7540.0,7542.75,7540.0,7542.5,56,NQ.v.0
2019-06-18 02:04:00+00:00,33,1,9166,7542.75,7543.0,7542.0,7543.0,48,NQ.v.0
2019-06-18 02:05:00+00:00,33,1,9166,7543.0,7543.5,7542.0,7542.5,53,NQ.v.0
2019-06-18 02:06:00+00:00,33,1,9166,7542.75,7543.25,7542.75,7543.0,35,NQ.v.0
2019-06-18 02:07:00+00:00,33,1,9166,7543.25,7543.25,7542.75,7543.0,30,NQ.v.0
2019-06-18 02:08:00+00:00,33,1,9166,7543.0,7543.25,7542.75,7543.0,21,NQ.v.0
2019-06-18 02:09:00+00:00,33,1,9166,7543.0,7545.0,7543.0,7543.75,67,NQ.v.0
2019-06-18 02:10:00+00:00,33,1,9166,7543.75,7545.0,7543.75,7544.75,68,NQ.v.0
2019-06-18 02:11:00+00:00,33,1,9166,7545.0,7546.5,7545.0,7546.0,57,NQ.v.0
2019-06-18 02:12:00+00:00,33,1,9166,7546.25,7546.75,7545.0,7545.0,39,NQ.v.0
2019-06-18 02:13:00+00:00,33,1,9166,7544.75,7545.0,7544.0,7544.0,31,NQ.v.0
2019-06-18 02:14:00+00:00,33,1,9166,7544.0,7544.5,7543.75,7544.0,41,NQ.v.0
2019-06-18 02:15:00+00:00,33,1,9166,7544.25,7545.25,7544.25,7544.5,34,NQ.v.0
2019-06-18 02:16:00+00:00,33,1,9166,7544.75,7545.5,7544.75,7545.0,11,NQ.v.0
2019-06-18 02:17:00+00:00,33,1,9166,7545.0,7545.0,7544.25,7544.5,22,NQ.v.0
2019-06-18 02:18:00+00:00,33,1,9166,7544.5,7545.75,7544.5,7545.75,22,NQ.v.0
2019-06-18 02:19:00+00:00,33,1,9166,7545.75,7545.75,7545.0,7545.25,22,NQ.v.0
2019-06-18 02:20:00+00:00,33,1,9166,7545.25,7547.25,7545.25,7547.0,64,NQ.v.0
2019-06-18 02:21:00+00:00,33,1,9166,7546.5,7547.0,7545.5,7546.25,42,NQ.v.0
2019-06-18 02:22:00+00:00,33,1,9166,7546.25,7546.75,7546.25,7546.5,20,NQ.v.0
2019-06-18 02:23:00+00:00,33,1,9166,7546.25,7547.25,7546.25,7546.5,39,NQ.v.0
2019-06-18 02:24:00+00:00,33,1,9166,7546.75,7547.25,7546.75,7547.25,27,NQ.v.0
2019-06-18 02:25:00+00:00,33,1,9166,7547.5,7547.5,7547.0,7547.25,45,NQ.v.0
2019-06-18 02:26:00+00:00,33,1,9166,7546.75,7547.25,7546.25,7546.25,20,NQ.v.0
2019-06-18 02:27:00+00:00,33,1,9166,7546.5,7547.0,7545.5,7546.0,44,NQ.v.0
2019-06-18 02:28:00+00:00,33,1,9166,7546.5,7547.25,7546.5,7547.25,12,NQ.v.0
2019-06-18 02:29:00+00:00,33,1,9166,7547.0,7547.0,7546.25,7547.0,20,NQ.v.0
2019-06-18 02:30:00+00:00,33,1,9166,7547.0,7547.0,7545.75,7546.0,35,NQ.v.0
2019-06-18 02:31:00+00:00,33,1,9166,7546.25,7546.5,7545.75,7545.75,21,NQ.v.0
2019-06-18 02:32:00+00:00,33,1,9166,7545.75,7546.0,7545.75,7546.0,10,NQ.v.0
2019-06-18 02:33:00+00:00,33,1,9166,7545.5,7545.75,7545.25,7545.5,7,NQ.v.0
2019-06-18 02:34:00+00:00,33,1,9166,7545.5,7545.75,7544.5,7544.5,40,NQ.v.0
2019-06-18 02:35:00+00:00,33,1,9166,7544.5,7544.5,7543.25,7544.25,81,NQ.v.0
2019-06-18 02:36:00+00:00,33,1,9166,7544.75,7545.75,7544.5,7545.5,31,NQ.v.0
2019-06-18 02:37:00+00:00,33,1,9166,7545.5,7546.0,7545.25,7545.75,44,NQ.v.0
2019-06-18 02:38:00+00:00,33,1,9166,7545.5,7546.0,7545.0,7545.5,16,NQ.v.0
2019-06-18 02:39:00+00:00,33,1,9166,7545.25,7546.25,7545.25,7546.0,27,NQ.v.0
2019-06-18 02:40:00+00:00,33,1,9166,7546.75,7547.25,7546.25,7547.0,30,NQ.v.0
2019-06-18 02:41:00+00:00,33,1,9166,7546.75,7547.5,7546.75,7547.25,14,NQ.v.0
2019-06-18 02:42:00+00:00,33,1,9166,7547.5,7548.0,7546.75,7547.0,31,NQ.v.0
2019-06-18 02:43:00+00:00,33,1,9166,7547.25,7547.25,7546.5,7546.5,12,NQ.v.0
2019-06-18 02:44:00+00:00,33,1,9166,7546.75,7547.0,7546.0,7546.25,11,NQ.v.0
2019-06-18 02:45:00+00:00,33,1,9166,7546.75,7547.0,7546.75,7546.75,13,NQ.v.0
2019-06-18 02:46:00+00:00,33,1,9166,7546.5,7546.75,7546.5,7546.75,5,NQ.v.0
2019-06-18 02:47:00+00:00,33,1,9166,7546.5,7546.5,7546.25,7546.25,4,NQ.v.0
2019-06-18 02:48:00+00:00,33,1,9166,7546.5,7547.0,7546.25,7546.5,21,NQ.v.0
2019-06-18 02:49:00+00:00,33,1,9166,7546.75,7547.25,7546.75,7547.25,25,NQ.v.0
2019-06-18 02:50:00+00:00,33,1,9166,7547.25,7547.5,7545.75,7546.0,38,NQ.v.0
2019-06-18 02:51:00+00:00,33,1,9166,7545.75,7545.75,7545.25,7545.5,24,NQ.v.0
2019-06-18 02:52:00+00:00,33,1,9166,7545.75,7545.75,7545.5,7545.75,11,NQ.v.0
2019-06-18 02:53:00+00:00,33,1,9166,7545.5,7546.0,7544.5,7545.0,62,NQ.v.0
2019-06-18 02:54:00+00:00,33,1,9166,7545.0,7545.5,7545.0,7545.5,16,NQ.v.0
2019-06-18 02:55:00+00:00,33,1,9166,7545.5,7545.75,7544.5,7545.0,65,NQ.v.0
2019-06-18 02:56:00+00:00,33,1,9166,7545.0,7545.5,7545.0,7545.0,19,NQ.v.0
2019-06-18 02:57:00+00:00,33,1,9166,7545.0,7545.0,7543.75,7544.0,37,NQ.v.0
2019-06-18 02:58:00+00:00,33,1,9166,7544.75,7545.75,7544.5,7545.75,30,NQ.v.0
2019-06-18 02:59:00+00:00,33,1,9166,7546.0,7546.25,7545.75,7546.0,21,NQ.v.0
2019-06-18 03:00:00+00:00,33,1,9166,7546.0,7546.75,7546.0,7546.25,32,NQ.v.0
2019-06-18 03:01:00+00:00,33,1,9166,7546.75,7546.75,7546.25,7546.25,13,NQ.v.0
2019-06-18 03:02:00+00:00,33,1,9166,7546.5,7546.75,7546.0,7546.5,24,NQ.v.0
2019-06-18 03:03:00+00:00,33,1,9166,7546.5,7547.5,7546.5,7546.75,34,NQ.v.0
2019-06-18 03:04:00+00:00,33,1,9166,7547.0,7548.0,7547.0,7547.75,38,NQ.v.0
2019-06-18 03:05:00+00:00,33,1,9166,7547.75,7548.0,7547.5,7547.5,29,NQ.v.0
2019-06-18 03:06:00+00:00,33,1,9166,7547.5,7547.75,7546.75,7546.75,17,NQ.v.0
2019-06-18 03:07:00+00:00,33,1,9166,7546.5,7546.75,7546.25,7546.75,8,NQ.v.0
2019-06-18 03:08:00+00:00,33,1,9166,7546.75,7547.25,7546.25,7546.25,14,NQ.v.0
2019-06-18 03:09:00+00:00,33,1,9166,7546.25,7546.25,7545.25,7545.25,28,NQ.v.0
2019-06-18 03:10:00+00:00,33,1,9166,7545.5,7546.0,7545.5,7546.0,13,NQ.v.0
2019-06-18 03:11:00+00:00,33,1,9166,7545.25,7546.0,7545.25,7546.0,12,NQ.v.0
2019-06-18 03:12:00+00:00,33,1,9166,7545.75,7546.0,7544.5,7544.75,25,NQ.v.0
2019-06-18 03:13:00+00:00,33,1,9166,7545.25,7545.75,7545.25,7545.25,30,NQ.v.0
2019-06-18 03:14:00+00:00,33,1,9166,7545.0,7545.0,7544.75,7545.0,10,NQ.v.0
2019-06-18 03:15:00+00:00,33,1,9166,7544.75,7545.25,7543.5,7543.75,27,NQ.v.0
2019-06-18 03:16:00+00:00,33,1,9166,7543.25,7544.0,7542.75,7544.0,29,NQ.v.0
2019-06-18 03:17:00+00:00,33,1,9166,7543.75,7544.0,7543.5,7543.75,15,NQ.v.0
2019-06-18 03:18:00+00:00,33,1,9166,7543.25,7543.5,7543.0,7543.5,6,NQ.v.0
2019-06-18 03:19:00+00:00,33,1,9166,7543.25,7543.5,7542.5,7543.5,6,NQ.v.0
2019-06-18 03:20:00+00:00,33,1,9166,7544.0,7544.0,7543.75,7544.0,5,NQ.v.0
2019-06-18 03:21:00+00:00,33,1,9166,7544.0,7544.0,7543.75,7543.75,8,NQ.v.0
2019-06-18 03:22:00+00:00,33,1,9166,7543.75,7543.75,7543.5,7543.5,4,NQ.v.0
2019-06-18 03:23:00+00:00,33,1,9166,7544.0,7544.0,7543.75,7543.75,4,NQ.v.0
2019-06-18 03:24:00+00:00,33,1,9166,7543.0,7543.0,7543.0,7543.0,1,NQ.v.0
2019-06-18 03:25:00+00:00,33,1,9166,7543.0,7543.5,7543.0,7543.5,5,NQ.v.0
2019-06-18 03:26:00+00:00,33,1,9166,7543.0,7544.0,7543.0,7543.75,10,NQ.v.0
2019-06-18 03:27:00+00:00,33,1,9166,7543.75,7543.75,7543.25,7543.25,4,NQ.v.0
2019-06-18 03:28:00+00:00,33,1,9166,7543.0,7543.0,7543.0,7543.0,10,NQ.v.0
2019-06-18 03:29:00+00:00,33,1,9166,7543.0,7543.25,7542.25,7542.25,27,NQ.v.0
2019-06-18 03:30:00+00:00,33,1,9166,7542.25,7542.25,7541.75,7542.25,13,NQ.v.0
2019-06-18 03:31:00+00:00,33,1,9166,7542.0,7542.0,7541.25,7541.25,14,NQ.v.0
2019-06-18 03:32:00+00:00,33,1,9166,7540.75,7541.25,7540.0,7540.75,49,NQ.v.0
2019-06-18 03:33:00+00:00,33,1,9166,7540.75,7540.75,7540.5,7540.5,9,NQ.v.0
2019-06-18 03:34:00+00:00,33,1,9166,7540.5,7540.75,7540.0,7540.5,34,NQ.v.0
2019-06-18 03:35:00+00:00,33,1,9166,7540.5,7540.75,7540.25,7540.75,11,NQ.v.0
2019-06-18 03:36:00+00:00,33,1,9166,7540.75,7540.75,7540.5,7540.75,5,NQ.v.0
2019-06-18 03:37:00+00:00,33,1,9166,7540.75,7540.75,7540.25,7540.25,21,NQ.v.0
2019-06-18 03:38:00+00:00,33,1,9166,7540.25,7540.5,7540.0,7540.25,10,NQ.v.0
2019-06-18 03:39:00+00:00,33,1,9166,7540.0,7540.0,7539.5,7539.5,26,NQ.v.0
2019-06-18 03:40:00+00:00,33,1,9166,7539.5,7539.75,7539.25,7539.5,9,NQ.v.0
2019-06-18 03:41:00+00:00,33,1,9166,7539.5,7540.0,7539.5,7539.75,11,NQ.v.0
2019-06-18 03:42:00+00:00,33,1,9166,7539.75,7540.0,7539.75,7539.75,24,NQ.v.0
2019-06-18 03:43:00+00:00,33,1,9166,7539.5,7539.75,7539.25,7539.5,21,NQ.v.0
2019-06-18 03:44:00+00:00,33,1,9166,7539.0,7539.25,7538.0,7538.0,15,NQ.v.0
2019-06-18 03:45:00+00:00,33,1,9166,7537.75,7538.0,7537.75,7538.0,7,NQ.v.0
2019-06-18 03:46:00+00:00,33,1,9166,7538.25,7538.75,7538.0,7538.0,28,NQ.v.0
2019-06-18 03:47:00+00:00,33,1,9166,7538.0,7538.5,7538.0,7538.25,7,NQ.v.0
2019-06-18 03:48:00+00:00,33,1,9166,7538.25,7538.5,7537.75,7537.75,23,NQ.v.0
2019-06-18 03:49:00+00:00,33,1,9166,7538.0,7539.75,7538.0,7539.75,28,NQ.v.0
2019-06-18 03:50:00+00:00,33,1,9166,7539.5,7539.75,7539.0,7539.5,25,NQ.v.0
2019-06-18 03:51:00+00:00,33,1,9166,7539.75,7540.0,7539.0,7539.0,32,NQ.v.0
2019-06-18 03:52:00+00:00,33,1,9166,7539.0,7539.0,7538.25,7539.0,16,NQ.v.0
2019-06-18 03:53:00+00:00,33,1,9166,7539.0,7539.25,7539.0,7539.0,7,NQ.v.0
2019-06-18 03:55:00+00:00,33,1,9166,7539.5,7540.0,7539.5,7539.5,11,NQ.v.0
2019-06-18 03:56:00+00:00,33,1,9166,7539.5,7539.75,7539.25,7539.75,4,NQ.v.0
2019-06-18 03:57:00+00:00,33,1,9166,7539.75,7539.75,7539.25,7539.25,11,NQ.v.0
2019-06-18 03:58:00+00:00,33,1,9166,7539.5,7539.5,7539.5,7539.5,4,NQ.v.0
2019-06-18 03:59:00+00:00,33,1,9166,7539.5,7540.0,7539.5,7540.0,9,NQ.v.0
2019-06-18 04:00:00+00:00,33,1,9166,7539.75,7540.5,7539.5,7539.5,24,NQ.v.0
2019-06-18 04:01:00+00:00,33,1,9166,7540.0,7540.0,7540.0,7540.0,1,NQ.v.0
2019-06-18 04:02:00+00:00,33,1,9166,7539.75,7540.0,7539.75,7539.75,4,NQ.v.0
2019-06-18 04:03:00+00:00,33,1,9166,7539.75,7539.75,7539.25,7539.25,10,NQ.v.0
2019-06-18 04:04:00+00:00,33,1,9166,7539.25,7539.5,7539.0,7539.0,14,NQ.v.0
2019-06-18 04:05:00+00:00,33,1,9166,7539.0,7539.5,7538.75,7539.0,25,NQ.v.0
2019-06-18 04:06:00+00:00,33,1,9166,7538.75,7538.75,7537.75,7537.75,32,NQ.v.0
2019-06-18 04:07:00+00:00,33,1,9166,7538.0,7538.0,7536.75,7537.0,23,NQ.v.0
2019-06-18 04:08:00+00:00,33,1,9166,7537.25,7537.25,7537.0,7537.0,10,NQ.v.0
2019-06-18 04:09:00+00:00,33,1,9166,7537.0,7537.5,7537.0,7537.25,13,NQ.v.0
2019-06-18 04:10:00+00:00,33,1,9166,7536.75,7537.25,7536.75,7537.0,12,NQ.v.0
2019-06-18 04:11:00+00:00,33,1,9166,7537.25,7537.5,7537.25,7537.5,6,NQ.v.0
2019-06-18 04:12:00+00:00,33,1,9166,7538.0,7538.0,7537.5,7537.5,16,NQ.v.0
2019-06-18 04:13:00+00:00,33,1,9166,7537.5,7538.0,7537.5,7537.75,8,NQ.v.0
2019-06-18 04:14:00+00:00,33,1,9166,7537.75,7537.75,7537.25,7537.25,8,NQ.v.0
2019-06-18 04:15:00+00:00,33,1,9166,7537.25,7537.5,7537.25,7537.5,10,NQ.v.0
2019-06-18 04:16:00+00:00,33,1,9166,7537.5,7537.5,7537.25,7537.5,3,NQ.v.0
2019-06-18 04:17:00+00:00,33,1,9166,7537.5,7537.5,7536.75,7537.0,13,NQ.v.0
2019-06-18 04:18:00+00:00,33,1,9166,7537.0,7537.5,7537.0,7537.5,7,NQ.v.0
2019-06-18 04:19:00+00:00,33,1,9166,7537.25,7537.25,7536.5,7536.5,15,NQ.v.0
2019-06-18 04:20:00+00:00,33,1,9166,7536.5,7537.0,7536.25,7537.0,28,NQ.v.0
2019-06-18 04:21:00+00:00,33,1,9166,7537.0,7537.5,7536.75,7537.5,17,NQ.v.0
2019-06-18 04:22:00+00:00,33,1,9166,7537.5,7538.25,7537.25,7538.0,33,NQ.v.0
2019-06-18 04:23:00+00:00,33,1,9166,7538.25,7538.5,7538.0,7538.5,9,NQ.v.0
2019-06-18 04:24:00+00:00,33,1,9166,7538.5,7538.5,7538.0,7538.0,7,NQ.v.0
2019-06-18 04:25:00+00:00,33,1,9166,7538.0,7538.5,7538.0,7538.25,18,NQ.v.0
2019-06-18 04:26:00+00:00,33,1,9166,7538.25,7538.75,7538.0,7538.25,23,NQ.v.0
2019-06-18 04:27:00+00:00,33,1,9166,7538.0,7538.0,7537.25,7537.25,12,NQ.v.0
2019-06-18 04:28:00+00:00,33,1,9166,7537.75,7538.0,7537.75,7537.75,6,NQ.v.0
2019-06-18 04:29:00+00:00,33,1,9166,7537.75,7538.25,7537.75,7538.25,12,NQ.v.0
2019-06-18 04:30:00+00:00,33,1,9166,7538.25,7538.5,7537.75,7538.25,23,NQ.v.0
2019-06-18 04:31:00+00:00,33,1,9166,7538.5,7538.5,7538.25,7538.25,8,NQ.v.0
2019-06-18 04:32:00+00:00,33,1,9166,7538.75,7539.0,7538.5,7539.0,6,NQ.v.0
2019-06-18 04:33:00+00:00,33,1,9166,7538.75,7538.75,7538.0,7538.0,15,NQ.v.0
2019-06-18 04:34:00+00:00,33,1,9166,7537.75,7538.0,7537.25,7537.5,19,NQ.v.0
2019-06-18 04:35:00+00:00,33,1,9166,7538.0,7538.0,7538.0,7538.0,1,NQ.v.0
2019-06-18 04:36:00+00:00,33,1,9166,7537.75,7537.75,7536.75,7536.75,24,NQ.v.0
2019-06-18 04:37:00+00:00,33,1,9166,7536.25,7536.25,7535.75,7536.0,21,NQ.v.0
2019-06-18 04:38:00+00:00,33,1,9166,7536.25,7536.25,7536.0,7536.25,10,NQ.v.0
2019-06-18 04:39:00+00:00,33,1,9166,7536.0,7536.0,7535.5,7535.5,10,NQ.v.0
2019-06-18 04:40:00+00:00,33,1,9166,7535.5,7535.75,7535.25,7535.5,16,NQ.v.0
2019-06-18 04:41:00+00:00,33,1,9166,7535.5,7537.25,7535.5,7536.5,18,NQ.v.0
2019-06-18 04:42:00+00:00,33,1,9166,7536.5,7536.75,7536.0,7536.25,22,NQ.v.0
2019-06-18 04:43:00+00:00,33,1,9166,7536.25,7536.25,7536.0,7536.0,7,NQ.v.0
2019-06-18 04:44:00+00:00,33,1,9166,7536.0,7536.0,7536.0,7536.0,7,NQ.v.0
2019-06-18 04:45:00+00:00,33,1,9166,7536.0,7536.25,7535.75,7536.0,18,NQ.v.0
2019-06-18 04:46:00+00:00,33,1,9166,7536.25,7536.5,7536.25,7536.5,12,NQ.v.0
2019-06-18 04:47:00+00:00,33,1,9166,7536.25,7537.0,7536.25,7536.5,34,NQ.v.0
2019-06-18 04:48:00+00:00,33,1,9166,7537.0,7538.0,7537.0,7537.0,38,NQ.v.0
2019-06-18 04:49:00+00:00,33,1,9166,7537.25,7537.5,7537.0,7537.25,10,NQ.v.0
2019-06-18 04:50:00+00:00,33,1,9166,7537.5,7537.5,7537.25,7537.5,12,NQ.v.0
2019-06-18 04:51:00+00:00,33,1,9166,7537.25,7538.25,7537.25,7538.25,28,NQ.v.0
2019-06-18 04:52:00+00:00,33,1,9166,7538.0,7538.0,7537.5,7537.5,7,NQ.v.0
2019-06-18 04:54:00+00:00,33,1,9166,7538.0,7538.5,7538.0,7538.5,11,NQ.v.0
2019-06-18 04:55:00+00:00,33,1,9166,7538.25,7538.25,7538.0,7538.0,3,NQ.v.0
2019-06-18 04:56:00+00:00,33,1,9166,7537.75,7538.5,7537.75,7538.5,9,NQ.v.0
2019-06-18 04:57:00+00:00,33,1,9166,7538.0,7539.25,7538.0,7539.25,20,NQ.v.0
2019-06-18 04:58:00+00:00,33,1,9166,7539.25,7539.25,7538.5,7539.0,12,NQ.v.0
2019-06-18 04:59:00+00:00,33,1,9166,7539.25,7539.5,7539.0,7539.25,18,NQ.v.0
2019-06-18 05:00:00+00:00,33,1,9166,7539.5,7539.75,7539.25,7539.75,9,NQ.v.0
2019-06-18 05:01:00+00:00,33,1,9166,7539.5,7539.5,7538.75,7538.75,7,NQ.v.0
2019-06-18 05:02:00+00:00,33,1,9166,7538.5,7539.0,7538.25,7538.5,8,NQ.v.0
2019-06-18 05:03:00+00:00,33,1,9166,7538.75,7539.5,7538.5,7539.5,14,NQ.v.0
2019-06-18 05:04:00+00:00,33,1,9166,7539.75,7541.5,7539.75,7541.25,79,NQ.v.0
2019-06-18 05:05:00+00:00,33,1,9166,7541.5,7541.5,7540.0,7540.5,25,NQ.v.0
2019-06-18 05:06:00+00:00,33,1,9166,7540.75,7540.75,7540.25,7540.25,7,NQ.v.0
2019-06-18 05:07:00+00:00,33,1,9166,7540.0,7540.0,7539.25,7539.5,17,NQ.v.0
2019-06-18 05:08:00+00:00,33,1,9166,7539.25,7539.5,7538.75,7538.75,9,NQ.v.0
2019-06-18 05:09:00+00:00,33,1,9166,7539.0,7539.5,7538.5,7539.25,62,NQ.v.0
2019-06-18 05:10:00+00:00,33,1,9166,7539.25,7539.25,7538.25,7538.25,10,NQ.v.0
2019-06-18 05:11:00+00:00,33,1,9166,7538.25,7538.5,7537.75,7538.5,16,NQ.v.0
2019-06-18 05:12:00+00:00,33,1,9166,7538.5,7538.5,7537.5,7537.75,25,NQ.v.0
2019-06-18 05:13:00+00:00,33,1,9166,7537.25,7537.25,7536.75,7537.25,17,NQ.v.0
2019-06-18 05:14:00+00:00,33,1,9166,7537.25,7537.75,7537.25,7537.25,12,NQ.v.0
2019-06-18 05:15:00+00:00,33,1,9166,7537.25,7537.25,7536.0,7536.0,29,NQ.v.0
2019-06-18 05:16:00+00:00,33,1,9166,7535.75,7535.75,7535.5,7535.75,8,NQ.v.0
2019-06-18 05:17:00+00:00,33,1,9166,7535.75,7535.75,7535.0,7535.0,16,NQ.v.0
2019-06-18 05:18:00+00:00,33,1,9166,7535.0,7535.0,7533.5,7533.5,44,NQ.v.0
2019-06-18 05:19:00+00:00,33,1,9166,7533.5,7534.25,7532.75,7534.25,47,NQ.v.0
2019-06-18 05:20:00+00:00,33,1,9166,7534.25,7534.25,7533.25,7533.5,21,NQ.v.0
2019-06-18 05:21:00+00:00,33,1,9166,7533.25,7533.25,7531.25,7532.75,76,NQ.v.0
2019-06-18 05:22:00+00:00,33,1,9166,7532.75,7533.0,7531.0,7532.25,46,NQ.v.0
2019-06-18 05:23:00+00:00,33,1,9166,7532.25,7532.5,7531.75,7532.5,25,NQ.v.0
2019-06-18 05:24:00+00:00,33,1,9166,7532.5,7532.5,7531.25,7531.75,35,NQ.v.0
2019-06-18 05:25:00+00:00,33,1,9166,7531.5,7531.5,7530.5,7530.75,52,NQ.v.0
2019-06-18 05:26:00+00:00,33,1,9166,7530.25,7530.5,7529.0,7530.0,63,NQ.v.0
2019-06-18 05:27:00+00:00,33,1,9166,7530.0,7530.5,7529.75,7530.25,28,NQ.v.0
2019-06-18 05:28:00+00:00,33,1,9166,7530.75,7531.0,7530.25,7530.5,24,NQ.v.0
2019-06-18 05:29:00+00:00,33,1,9166,7530.5,7531.75,7530.25,7531.75,26,NQ.v.0
2019-06-18 05:30:00+00:00,33,1,9166,7531.75,7532.75,7531.25,7532.0,49,NQ.v.0
2019-06-18 05:31:00+00:00,33,1,9166,7532.0,7533.0,7532.0,7532.5,18,NQ.v.0
2019-06-18 05:32:00+00:00,33,1,9166,7532.5,7532.75,7532.25,7532.5,15,NQ.v.0
2019-06-18 05:33:00+00:00,33,1,9166,7532.25,7532.25,7531.75,7532.0,19,NQ.v.0
2019-06-18 05:34:00+00:00,33,1,9166,7532.25,7532.75,7532.0,7532.5,19,NQ.v.0
2019-06-18 05:35:00+00:00,33,1,9166,7532.25,7532.5,7532.0,7532.25,23,NQ.v.0
2019-06-18 05:36:00+00:00,33,1,9166,7532.25,7532.25,7531.5,7531.75,36,NQ.v.0
2019-06-18 05:37:00+00:00,33,1,9166,7531.75,7532.5,7531.75,7532.0,15,NQ.v.0
2019-06-18 05:38:00+00:00,33,1,9166,7531.75,7532.0,7531.0,7531.75,28,NQ.v.0
2019-06-18 05:39:00+00:00,33,1,9166,7532.25,7533.25,7531.75,7533.25,31,NQ.v.0
2019-06-18 05:40:00+00:00,33,1,9166,7533.0,7533.25,7532.5,7533.0,16,NQ.v.0
2019-06-18 05:41:00+00:00,33,1,9166,7533.0,7533.0,7531.75,7531.75,23,NQ.v.0
2019-06-18 05:42:00+00:00,33,1,9166,7531.5,7531.5,7531.0,7531.25,19,NQ.v.0
2019-06-18 05:43:00+00:00,33,1,9166,7531.0,7531.0,7530.0,7530.0,22,NQ.v.0
2019-06-18 05:44:00+00:00,33,1,9166,7529.75,7530.5,7529.75,7530.0,14,NQ.v.0
2019-06-18 05:45:00+00:00,33,1,9166,7530.0,7531.0,7529.5,7531.0,24,NQ.v.0
2019-06-18 05:46:00+00:00,33,1,9166,7530.75,7530.75,7530.0,7530.75,21,NQ.v.0
2019-06-18 05:47:00+00:00,33,1,9166,7530.75,7531.75,7530.75,7531.5,20,NQ.v.0
2019-06-18 05:48:00+00:00,33,1,9166,7531.5,7532.5,7531.25,7532.5,39,NQ.v.0
2019-06-18 05:49:00+00:00,33,1,9166,7532.5,7533.5,7532.0,7533.25,62,NQ.v.0
2019-06-18 05:50:00+00:00,33,1,9166,7533.5,7534.5,7533.5,7534.25,29,NQ.v.0
2019-06-18 05:51:00+00:00,33,1,9166,7534.25,7534.75,7534.25,7534.25,25,NQ.v.0
2019-06-18 05:52:00+00:00,33,1,9166,7534.75,7534.75,7534.75,7534.75,18,NQ.v.0
2019-06-18 05:53:00+00:00,33,1,9166,7534.5,7534.5,7533.75,7533.75,31,NQ.v.0
2019-06-18 05:54:00+00:00,33,1,9166,7533.75,7534.25,7533.75,7533.75,7,NQ.v.0
2019-06-18 05:55:00+00:00,33,1,9166,7534.0,7534.25,7533.75,7534.25,10,NQ.v.0
2019-06-18 05:56:00+00:00,33,1,9166,7534.0,7534.0,7533.25,7534.0,25,NQ.v.0
2019-06-18 05:57:00+00:00,33,1,9166,7534.5,7534.5,7533.75,7533.75,20,NQ.v.0
2019-06-18 05:58:00+00:00,33,1,9166,7534.0,7534.0,7533.75,7533.75,9,NQ.v.0
2019-06-18 05:59:00+00:00,33,1,9166,7534.0,7534.25,7533.75,7533.75,21,NQ.v.0
2019-06-18 06:00:00+00:00,33,1,9166,7534.0,7534.25,7533.0,7534.0,59,NQ.v.0
2019-06-18 06:01:00+00:00,33,1,9166,7534.0,7535.25,7533.75,7535.0,36,NQ.v.0
2019-06-18 06:02:00+00:00,33,1,9166,7535.25,7535.25,7534.75,7534.75,30,NQ.v.0
2019-06-18 06:03:00+00:00,33,1,9166,7535.0,7535.75,7534.75,7535.75,19,NQ.v.0
2019-06-18 06:04:00+00:00,33,1,9166,7536.0,7536.25,7535.5,7535.5,35,NQ.v.0
2019-06-18 06:05:00+00:00,33,1,9166,7535.5,7535.75,7535.0,7535.25,50,NQ.v.0
2019-06-18 06:06:00+00:00,33,1,9166,7535.25,7535.5,7534.25,7534.75,35,NQ.v.0
2019-06-18 06:07:00+00:00,33,1,9166,7534.5,7534.75,7534.25,7534.5,10,NQ.v.0
2019-06-18 06:08:00+00:00,33,1,9166,7534.75,7534.75,7534.25,7534.25,13,NQ.v.0
2019-06-18 06:09:00+00:00,33,1,9166,7534.5,7535.25,7534.5,7535.0,10,NQ.v.0
2019-06-18 06:10:00+00:00,33,1,9166,7535.5,7536.75,7535.25,7536.25,42,NQ.v.0
2019-06-18 06:11:00+00:00,33,1,9166,7536.25,7536.75,7535.75,7536.5,16,NQ.v.0
2019-06-18 06:12:00+00:00,33,1,9166,7536.25,7536.75,7536.0,7536.25,28,NQ.v.0
2019-06-18 06:13:00+00:00,33,1,9166,7536.25,7537.25,7536.25,7537.25,34,NQ.v.0
2019-06-18 06:14:00+00:00,33,1,9166,7537.5,7537.5,7536.5,7536.5,24,NQ.v.0
2019-06-18 06:15:00+00:00,33,1,9166,7537.0,7537.5,7537.0,7537.25,16,NQ.v.0
2019-06-18 06:16:00+00:00,33,1,9166,7537.0,7537.0,7536.0,7536.25,15,NQ.v.0
2019-06-18 06:17:00+00:00,33,1,9166,7536.25,7536.75,7536.25,7536.5,13,NQ.v.0
2019-06-18 06:18:00+00:00,33,1,9166,7536.25,7536.25,7536.0,7536.0,17,NQ.v.0
2019-06-18 06:19:00+00:00,33,1,9166,7536.0,7536.25,7536.0,7536.25,10,NQ.v.0
2019-06-18 06:20:00+00:00,33,1,9166,7536.25,7536.25,7535.25,7536.25,35,NQ.v.0
2019-06-18 06:21:00+00:00,33,1,9166,7536.25,7537.5,7536.25,7537.25,31,NQ.v.0
2019-06-18 06:22:00+00:00,33,1,9166,7537.25,7537.5,7536.5,7537.5,18,NQ.v.0
2019-06-18 06:23:00+00:00,33,1,9166,7537.5,7539.0,7537.25,7537.5,54,NQ.v.0
2019-06-18 06:24:00+00:00,33,1,9166,7537.75,7539.0,7537.5,7539.0,37,NQ.v.0
2019-06-18 06:25:00+00:00,33,1,9166,7539.0,7539.25,7538.5,7538.75,28,NQ.v.0
2019-06-18 06:26:00+00:00,33,1,9166,7538.5,7538.75,7538.5,7538.5,21,NQ.v.0
2019-06-18 06:27:00+00:00,33,1,9166,7538.75,7539.25,7538.25,7539.0,44,NQ.v.0
2019-06-18 06:28:00+00:00,33,1,9166,7539.0,7539.0,7538.75,7539.0,17,NQ.v.0
2019-06-18 06:29:00+00:00,33,1,9166,7539.0,7539.0,7538.75,7539.0,20,NQ.v.0
2019-06-18 06:30:00+00:00,33,1,9166,7539.0,7539.0,7537.75,7538.0,23,NQ.v.0
2019-06-18 06:31:00+00:00,33,1,9166,7538.25,7538.5,7538.0,7538.5,10,NQ.v.0
2019-06-18 06:32:00+00:00,33,1,9166,7539.0,7539.75,7539.0,7539.5,20,NQ.v.0
2019-06-18 06:33:00+00:00,33,1,9166,7539.75,7540.0,7539.75,7540.0,34,NQ.v.0
2019-06-18 06:34:00+00:00,33,1,9166,7539.75,7540.5,7539.5,7539.5,27,NQ.v.0
2019-06-18 06:35:00+00:00,33,1,9166,7539.5,7539.5,7539.0,7539.25,26,NQ.v.0
2019-06-18 06:36:00+00:00,33,1,9166,7540.0,7540.5,7540.0,7540.0,27,NQ.v.0
2019-06-18 06:37:00+00:00,33,1,9166,7540.0,7540.5,7540.0,7540.0,30,NQ.v.0
2019-06-18 06:38:00+00:00,33,1,9166,7540.25,7540.5,7539.5,7539.75,23,NQ.v.0
2019-06-18 06:39:00+00:00,33,1,9166,7539.5,7540.0,7539.5,7540.0,15,NQ.v.0
2019-06-18 06:40:00+00:00,33,1,9166,7540.0,7540.5,7539.5,7539.75,33,NQ.v.0
2019-06-18 06:41:00+00:00,33,1,9166,7539.75,7540.25,7539.75,7540.25,16,NQ.v.0
2019-06-18 06:42:00+00:00,33,1,9166,7540.25,7541.0,7540.0,7540.5,52,NQ.v.0
2019-06-18 06:43:00+00:00,33,1,9166,7540.5,7540.75,7539.75,7539.75,25,NQ.v.0
2019-06-18 06:44:00+00:00,33,1,9166,7539.75,7540.5,7539.75,7540.25,14,NQ.v.0
2019-06-18 06:45:00+00:00,33,1,9166,7540.5,7541.0,7540.0,7540.25,18,NQ.v.0
2019-06-18 06:46:00+00:00,33,1,9166,7540.25,7540.75,7539.75,7539.75,6,NQ.v.0
2019-06-18 06:47:00+00:00,33,1,9166,7539.5,7540.25,7539.5,7540.25,14,NQ.v.0
2019-06-18 06:48:00+00:00,33,1,9166,7540.25,7541.0,7540.0,7541.0,27,NQ.v.0
2019-06-18 06:49:00+00:00,33,1,9166,7541.0,7541.25,7539.75,7539.75,36,NQ.v.0
2019-06-18 06:50:00+00:00,33,1,9166,7540.0,7540.0,7539.75,7540.0,24,NQ.v.0
2019-06-18 06:51:00+00:00,33,1,9166,7540.0,7540.75,7540.0,7540.75,11,NQ.v.0
2019-06-18 06:52:00+00:00,33,1,9166,7540.5,7541.0,7540.5,7540.75,6,NQ.v.0
2019-06-18 06:53:00+00:00,33,1,9166,7540.75,7540.75,7540.0,7540.0,11,NQ.v.0
2019-06-18 06:54:00+00:00,33,1,9166,7540.0,7540.5,7539.5,7539.5,17,NQ.v.0
2019-06-18 06:55:00+00:00,33,1,9166,7539.5,7540.25,7539.5,7540.25,8,NQ.v.0
2019-06-18 06:56:00+00:00,33,1,9166,7540.25,7540.75,7540.25,7540.75,13,NQ.v.0
2019-06-18 06:57:00+00:00,33,1,9166,7540.5,7540.75,7539.25,7539.5,36,NQ.v.0
2019-06-18 06:58:00+00:00,33,1,9166,7539.75,7539.75,7539.0,7539.0,31,NQ.v.0
2019-06-18 06:59:00+00:00,33,1,9166,7539.25,7539.75,7539.25,7539.5,13,NQ.v.0
2019-06-18 07:00:00+00:00,33,1,9166,7539.5,7541.0,7538.75,7539.25,87,NQ.v.0
2019-06-18 07:01:00+00:00,33,1,9166,7539.25,7539.25,7538.0,7538.25,104,NQ.v.0
2019-06-18 07:02:00+00:00,33,1,9166,7538.75,7540.0,7537.5,7539.25,111,NQ.v.0
2019-06-18 07:03:00+00:00,33,1,9166,7539.75,7539.75,7538.5,7538.5,7,NQ.v.0
2019-06-18 07:04:00+00:00,33,1,9166,7538.0,7539.25,7538.0,7538.75,17,NQ.v.0
2019-06-18 07:05:00+00:00,33,1,9166,7538.75,7538.75,7537.0,7538.5,96,NQ.v.0
2019-06-18 07:06:00+00:00,33,1,9166,7538.0,7538.0,7536.25,7537.0,37,NQ.v.0
2019-06-18 07:07:00+00:00,33,1,9166,7536.75,7537.5,7536.5,7536.5,41,NQ.v.0
2019-06-18 07:08:00+00:00,33,1,9166,7536.5,7536.5,7534.5,7534.5,145,NQ.v.0
2019-06-18 07:09:00+00:00,33,1,9166,7534.25,7535.5,7533.5,7534.0,152,NQ.v.0
2019-06-18 07:10:00+00:00,33,1,9166,7533.75,7534.75,7532.75,7533.5,80,NQ.v.0
2019-06-18 07:11:00+00:00,33,1,9166,7533.5,7533.75,7530.75,7530.75,64,NQ.v.0
2019-06-18 07:12:00+00:00,33,1,9166,7530.5,7530.5,7527.25,7527.5,189,NQ.v.0
2019-06-18 07:13:00+00:00,33,1,9166,7527.5,7530.25,7527.0,7529.25,273,NQ.v.0
2019-06-18 07:14:00+00:00,33,1,9166,7529.25,7529.25,7524.25,7524.5,159,NQ.v.0
2019-06-18 07:15:00+00:00,33,1,9166,7524.25,7524.5,7523.0,7524.5,118,NQ.v.0
2019-06-18 07:16:00+00:00,33,1,9166,7524.5,7525.25,7521.75,7523.25,195,NQ.v.0
2019-06-18 07:17:00+00:00,33,1,9166,7523.0,7525.0,7521.5,7524.5,95,NQ.v.0
2019-06-18 07:18:00+00:00,33,1,9166,7524.5,7528.0,7524.5,7526.75,144,NQ.v.0
2019-06-18 07:19:00+00:00,33,1,9166,7526.75,7527.75,7525.0,7525.0,70,NQ.v.0
2019-06-18 07:20:00+00:00,33,1,9166,7525.25,7525.25,7520.0,7521.25,163,NQ.v.0
2019-06-18 07:21:00+00:00,33,1,9166,7521.5,7524.25,7521.0,7523.75,73,NQ.v.0
2019-06-18 07:22:00+00:00,33,1,9166,7523.5,7524.5,7523.25,7524.25,75,NQ.v.0
2019-06-18 07:23:00+00:00,33,1,9166,7524.0,7525.5,7523.0,7525.0,47,NQ.v.0
2019-06-18 07:24:00+00:00,33,1,9166,7525.0,7525.0,7523.5,7524.5,54,NQ.v.0
2019-06-18 07:25:00+00:00,33,1,9166,7524.5,7524.5,7519.25,7521.25,79,NQ.v.0
2019-06-18 07:26:00+00:00,33,1,9166,7520.5,7523.5,7520.5,7523.25,34,NQ.v.0
2019-06-18 07:27:00+00:00,33,1,9166,7523.25,7523.5,7521.5,7521.5,12,NQ.v.0
2019-06-18 07:28:00+00:00,33,1,9166,7521.25,7523.5,7521.0,7523.25,33,NQ.v.0
2019-06-18 07:29:00+00:00,33,1,9166,7522.75,7524.5,7522.25,7524.5,54,NQ.v.0
2019-06-18 07:30:00+00:00,33,1,9166,7524.25,7525.25,7521.0,7521.25,110,NQ.v.0
2019-06-18 07:31:00+00:00,33,1,9166,7522.25,7522.25,7520.25,7521.5,28,NQ.v.0
2019-06-18 07:32:00+00:00,33,1,9166,7521.25,7522.75,7521.25,7522.5,20,NQ.v.0
2019-06-18 07:33:00+00:00,33,1,9166,7522.0,7522.25,7521.25,7522.25,59,NQ.v.0
2019-06-18 07:34:00+00:00,33,1,9166,7522.0,7526.0,7522.0,7524.25,60,NQ.v.0
2019-06-18 07:35:00+00:00,33,1,9166,7524.5,7525.0,7523.25,7524.0,76,NQ.v.0
2019-06-18 07:36:00+00:00,33,1,9166,7524.0,7524.0,7523.25,7523.75,30,NQ.v.0
2019-06-18 07:37:00+00:00,33,1,9166,7523.75,7523.75,7523.0,7523.5,43,NQ.v.0
2019-06-18 07:38:00+00:00,33,1,9166,7523.5,7523.5,7521.5,7522.25,28,NQ.v.0
2019-06-18 07:39:00+00:00,33,1,9166,7522.0,7523.0,7521.25,7522.75,24,NQ.v.0
2019-06-18 07:40:00+00:00,33,1,9166,7523.0,7523.0,7521.75,7521.75,12,NQ.v.0
2019-06-18 07:41:00+00:00,33,1,9166,7521.5,7521.5,7520.0,7520.25,82,NQ.v.0
2019-06-18 07:42:00+00:00,33,1,9166,7520.25,7520.75,7516.5,7517.0,166,NQ.v.0
2019-06-18 07:43:00+00:00,33,1,9166,7516.0,7520.25,7514.75,7520.25,204,NQ.v.0
2019-06-18 07:44:00+00:00,33,1,9166,7520.0,7521.25,7519.75,7519.75,67,NQ.v.0
2019-06-18 07:45:00+00:00,33,1,9166,7519.75,7520.75,7519.0,7520.5,44,NQ.v.0
2019-06-18 07:46:00+00:00,33,1,9166,7520.25,7520.5,7519.0,7520.25,23,NQ.v.0
2019-06-18 07:47:00+00:00,33,1,9166,7520.75,7524.0,7520.75,7523.75,42,NQ.v.0
2019-06-18 07:48:00+00:00,33,1,9166,7523.75,7525.0,7523.25,7523.75,39,NQ.v.0
2019-06-18 07:49:00+00:00,33,1,9166,7523.25,7523.5,7521.25,7522.5,23,NQ.v.0
2019-06-18 07:50:00+00:00,33,1,9166,7521.75,7525.0,7521.75,7524.5,52,NQ.v.0
2019-06-18 07:51:00+00:00,33,1,9166,7523.5,7524.25,7521.75,7524.25,50,NQ.v.0
2019-06-18 07:52:00+00:00,33,1,9166,7523.25,7523.25,7522.0,7522.25,32,NQ.v.0
2019-06-18 07:53:00+00:00,33,1,9166,7522.0,7523.0,7521.5,7522.0,22,NQ.v.0
2019-06-18 07:54:00+00:00,33,1,9166,7522.5,7523.5,7521.75,7523.5,22,NQ.v.0
2019-06-18 07:55:00+00:00,33,1,9166,7522.75,7523.0,7519.75,7519.75,103,NQ.v.0
2019-06-18 07:56:00+00:00,33,1,9166,7519.5,7520.25,7518.75,7519.5,61,NQ.v.0
2019-06-18 07:57:00+00:00,33,1,9166,7520.0,7520.25,7519.0,7520.25,37,NQ.v.0
2019-06-18 07:58:00+00:00,33,1,9166,7520.25,7521.0,7519.75,7521.0,13,NQ.v.0
2019-06-18 07:59:00+00:00,33,1,9166,7520.75,7522.75,7520.75,7522.75,37,NQ.v.0
2019-06-18 08:00:00+00:00,33,1,9166,7522.5,7523.0,7520.5,7521.0,61,NQ.v.0
2019-06-18 08:01:00+00:00,33,1,9166,7520.75,7525.75,7519.25,7525.75,137,NQ.v.0
2019-06-18 08:02:00+00:00,33,1,9166,7525.0,7526.75,7523.5,7524.5,98,NQ.v.0
2019-06-18 08:03:00+00:00,33,1,9166,7525.0,7525.25,7523.75,7524.25,30,NQ.v.0
2019-06-18 08:04:00+00:00,33,1,9166,7524.0,7526.0,7523.75,7524.75,70,NQ.v.0
2019-06-18 08:05:00+00:00,33,1,9166,7525.25,7525.75,7522.0,7522.75,47,NQ.v.0
2019-06-18 08:06:00+00:00,33,1,9166,7523.25,7526.75,7523.25,7525.5,36,NQ.v.0
2019-06-18 08:07:00+00:00,33,1,9166,7525.75,7528.0,7525.0,7527.75,38,NQ.v.0
2019-06-18 08:08:00+00:00,33,1,9166,7527.5,7529.0,7526.5,7528.0,53,NQ.v.0
2019-06-18 08:09:00+00:00,33,1,9166,7528.25,7529.5,7527.5,7528.5,55,NQ.v.0
2019-06-18 08:10:00+00:00,33,1,9166,7529.25,7532.75,7528.25,7532.5,165,NQ.v.0
2019-06-18 08:11:00+00:00,33,1,9166,7532.25,7537.0,7531.75,7536.25,254,NQ.v.0
2019-06-18 08:12:00+00:00,33,1,9166,7536.25,7536.75,7533.5,7534.25,102,NQ.v.0
2019-06-18 08:13:00+00:00,33,1,9166,7535.0,7538.5,7534.5,7538.5,89,NQ.v.0
2019-06-18 08:14:00+00:00,33,1,9166,7538.0,7541.75,7538.0,7539.5,270,NQ.v.0
2019-06-18 08:15:00+00:00,33,1,9166,7539.75,7544.5,7539.75,7544.25,169,NQ.v.0
2019-06-18 08:16:00+00:00,33,1,9166,7544.5,7552.0,7544.0,7550.75,372,NQ.v.0
2019-06-18 08:17:00+00:00,33,1,9166,7550.75,7555.0,7549.25,7553.0,235,NQ.v.0
2019-06-18 08:18:00+00:00,33,1,9166,7553.5,7563.5,7553.5,7559.75,473,NQ.v.0
2019-06-18 08:19:00+00:00,33,1,9166,7559.5,7560.25,7557.75,7557.75,288,NQ.v.0
2019-06-18 08:20:00+00:00,33,1,9166,7557.5,7565.25,7557.5,7563.75,314,NQ.v.0
2019-06-18 08:21:00+00:00,33,1,9166,7564.25,7569.0,7564.0,7568.75,293,NQ.v.0
2019-06-18 08:22:00+00:00,33,1,9166,7569.0,7570.25,7564.25,7565.75,246,NQ.v.0
2019-06-18 08:23:00+00:00,33,1,9166,7565.25,7566.25,7563.75,7565.25,130,NQ.v.0
2019-06-18 08:24:00+00:00,33,1,9166,7565.25,7569.25,7565.0,7568.5,86,NQ.v.0
2019-06-18 08:25:00+00:00,33,1,9166,7568.0,7572.5,7568.0,7571.5,190,NQ.v.0
2019-06-18 08:26:00+00:00,33,1,9166,7572.25,7580.0,7572.25,7577.0,508,NQ.v.0
2019-06-18 08:27:00+00:00,33,1,9166,7577.5,7578.75,7572.5,7574.25,179,NQ.v.0
2019-06-18 08:28:00+00:00,33,1,9166,7574.25,7576.0,7572.75,7575.0,124,NQ.v.0
2019-06-18 08:29:00+00:00,33,1,9166,7575.0,7575.75,7572.0,7575.0,197,NQ.v.0
2019-06-18 08:30:00+00:00,33,1,9166,7574.5,7576.0,7574.0,7574.0,108,NQ.v.0
2019-06-18 08:31:00+00:00,33,1,9166,7574.5,7574.75,7572.75,7574.0,73,NQ.v.0
2019-06-18 08:32:00+00:00,33,1,9166,7574.0,7576.5,7572.0,7575.25,90,NQ.v.0
2019-06-18 08:33:00+00:00,33,1,9166,7575.5,7577.5,7574.0,7574.5,109,NQ.v.0
2019-06-18 08:34:00+00:00,33,1,9166,7575.5,7575.5,7573.0,7573.75,34,NQ.v.0
2019-06-18 08:35:00+00:00,33,1,9166,7574.75,7575.5,7574.5,7575.5,76,NQ.v.0
2019-06-18 08:36:00+00:00,33,1,9166,7575.75,7576.5,7573.75,7574.75,46,NQ.v.0
2019-06-18 08:37:00+00:00,33,1,9166,7574.75,7574.75,7573.0,7574.0,63,NQ.v.0
2019-06-18 08:38:00+00:00,33,1,9166,7573.5,7577.25,7573.5,7576.0,117,NQ.v.0
2019-06-18 08:39:00+00:00,33,1,9166,7575.75,7576.5,7574.75,7574.75,43,NQ.v.0
2019-06-18 08:40:00+00:00,33,1,9166,7575.5,7584.75,7575.5,7584.5,242,NQ.v.0
2019-06-18 08:41:00+00:00,33,1,9166,7584.0,7584.0,7579.5,7581.75,195,NQ.v.0
2019-06-18 08:42:00+00:00,33,1,9166,7582.0,7584.5,7581.5,7582.5,135,NQ.v.0
2019-06-18 08:43:00+00:00,33,1,9166,7582.0,7587.0,7582.0,7587.0,147,NQ.v.0
2019-06-18 08:44:00+00:00,33,1,9166,7587.0,7587.5,7583.0,7583.0,185,NQ.v.0
2019-06-18 08:45:00+00:00,33,1,9166,7583.75,7584.0,7580.0,7580.0,92,NQ.v.0
2019-06-18 08:46:00+00:00,33,1,9166,7580.0,7581.0,7578.25,7578.75,98,NQ.v.0
2019-06-18 08:47:00+00:00,33,1,9166,7579.0,7579.25,7577.5,7578.25,119,NQ.v.0
2019-06-18 08:48:00+00:00,33,1,9166,7577.75,7577.75,7575.25,7576.0,94,NQ.v.0
2019-06-18 08:49:00+00:00,33,1,9166,7576.25,7577.25,7575.25,7577.25,62,NQ.v.0
2019-06-18 08:50:00+00:00,33,1,9166,7576.75,7576.75,7572.25,7574.0,80,NQ.v.0
2019-06-18 08:51:00+00:00,33,1,9166,7573.5,7573.5,7571.25,7571.5,93,NQ.v.0
2019-06-18 08:52:00+00:00,33,1,9166,7571.75,7573.0,7567.25,7567.25,335,NQ.v.0
2019-06-18 08:53:00+00:00,33,1,9166,7567.25,7571.0,7566.25,7569.5,192,NQ.v.0
2019-06-18 08:54:00+00:00,33,1,9166,7569.75,7571.25,7569.25,7569.25,44,NQ.v.0
2019-06-18 08:55:00+00:00,33,1,9166,7570.0,7572.5,7569.25,7570.5,135,NQ.v.0
2019-06-18 08:56:00+00:00,33,1,9166,7571.25,7572.5,7569.25,7569.5,61,NQ.v.0
2019-06-18 08:57:00+00:00,33,1,9166,7570.0,7570.75,7569.0,7570.25,34,NQ.v.0
2019-06-18 08:58:00+00:00,33,1,9166,7571.5,7571.75,7570.75,7571.25,24,NQ.v.0
2019-06-18 08:59:00+00:00,33,1,9166,7570.5,7574.0,7570.5,7573.0,102,NQ.v.0
2019-06-18 09:00:00+00:00,33,1,9166,7573.0,7575.25,7572.25,7573.25,120,NQ.v.0
2019-06-18 09:01:00+00:00,33,1,9166,7573.0,7575.0,7572.75,7574.25,26,NQ.v.0
2019-06-18 09:02:00+00:00,33,1,9166,7574.5,7575.25,7574.0,7574.75,22,NQ.v.0
2019-06-18 09:03:00+00:00,33,1,9166,7575.0,7575.75,7573.75,7574.25,67,NQ.v.0
2019-06-18 09:04:00+00:00,33,1,9166,7574.5,7575.75,7574.0,7574.0,20,NQ.v.0
2019-06-18 09:05:00+00:00,33,1,9166,7573.25,7574.5,7571.0,7572.0,83,NQ.v.0
2019-06-18 09:06:00+00:00,33,1,9166,7572.75,7573.0,7569.75,7571.0,86,NQ.v.0
2019-06-18 09:07:00+00:00,33,1,9166,7570.75,7571.25,7569.75,7571.0,27,NQ.v.0
2019-06-18 09:08:00+00:00,33,1,9166,7570.5,7571.25,7570.0,7570.0,14,NQ.v.0
2019-06-18 09:09:00+00:00,33,1,9166,7570.5,7572.75,7570.25,7571.5,95,NQ.v.0
2019-06-18 09:10:00+00:00,33,1,9166,7572.25,7575.25,7572.25,7574.5,59,NQ.v.0
2019-06-18 09:11:00+00:00,33,1,9166,7575.0,7578.0,7575.0,7577.75,124,NQ.v.0
2019-06-18 09:12:00+00:00,33,1,9166,7578.0,7579.5,7574.5,7574.5,143,NQ.v.0
2019-06-18 09:13:00+00:00,33,1,9166,7574.75,7574.75,7571.0,7571.0,79,NQ.v.0
2019-06-18 09:14:00+00:00,33,1,9166,7571.0,7572.5,7571.0,7572.0,23,NQ.v.0
2019-06-18 09:15:00+00:00,33,1,9166,7572.25,7575.0,7572.25,7575.0,37,NQ.v.0
2019-06-18 09:16:00+00:00,33,1,9166,7574.75,7576.5,7574.5,7576.5,112,NQ.v.0
2019-06-18 09:17:00+00:00,33,1,9166,7576.0,7579.5,7575.25,7579.0,68,NQ.v.0
2019-06-18 09:18:00+00:00,33,1,9166,7579.25,7579.5,7578.75,7579.25,33,NQ.v.0
2019-06-18 09:19:00+00:00,33,1,9166,7579.0,7579.25,7578.5,7578.75,16,NQ.v.0
2019-06-18 09:20:00+00:00,33,1,9166,7579.0,7579.75,7576.75,7578.0,53,NQ.v.0
2019-06-18 09:21:00+00:00,33,1,9166,7577.75,7578.0,7575.75,7575.75,31,NQ.v.0
2019-06-18 09:22:00+00:00,33,1,9166,7576.0,7576.75,7575.25,7575.25,32,NQ.v.0
2019-06-18 09:23:00+00:00,33,1,9166,7575.25,7579.0,7575.25,7578.75,73,NQ.v.0
2019-06-18 09:24:00+00:00,33,1,9166,7578.25,7578.5,7577.25,7577.25,26,NQ.v.0
2019-06-18 09:25:00+00:00,33,1,9166,7578.75,7579.25,7578.25,7578.5,19,NQ.v.0
2019-06-18 09:26:00+00:00,33,1,9166,7578.25,7579.25,7578.0,7578.25,15,NQ.v.0
2019-06-18 09:27:00+00:00,33,1,9166,7577.0,7577.5,7574.0,7574.75,35,NQ.v.0
2019-06-18 09:28:00+00:00,33,1,9166,7575.5,7575.75,7575.0,7575.5,13,NQ.v.0
2019-06-18 09:29:00+00:00,33,1,9166,7575.25,7575.75,7574.25,7574.25,27,NQ.v.0
2019-06-18 09:30:00+00:00,33,1,9166,7574.75,7577.0,7574.75,7576.75,26,NQ.v.0
2019-06-18 09:31:00+00:00,33,1,9166,7577.0,7577.25,7576.0,7576.0,22,NQ.v.0
2019-06-18 09:32:00+00:00,33,1,9166,7576.0,7577.25,7573.25,7574.0,41,NQ.v.0
2019-06-18 09:33:00+00:00,33,1,9166,7574.0,7575.0,7573.75,7574.75,16,NQ.v.0
2019-06-18 09:34:00+00:00,33,1,9166,7574.5,7575.0,7574.0,7575.0,24,NQ.v.0
2019-06-18 09:35:00+00:00,33,1,9166,7575.0,7575.0,7572.25,7572.25,59,NQ.v.0
2019-06-18 09:36:00+00:00,33,1,9166,7572.25,7574.25,7572.0,7574.25,59,NQ.v.0
2019-06-18 09:37:00+00:00,33,1,9166,7574.75,7575.75,7574.75,7574.75,36,NQ.v.0
2019-06-18 09:38:00+00:00,33,1,9166,7574.5,7574.75,7574.25,7574.5,8,NQ.v.0
2019-06-18 09:39:00+00:00,33,1,9166,7574.5,7575.75,7574.5,7575.75,12,NQ.v.0
2019-06-18 09:40:00+00:00,33,1,9166,7575.25,7575.25,7574.25,7575.0,34,NQ.v.0
2019-06-18 09:41:00+00:00,33,1,9166,7575.5,7576.0,7574.5,7574.75,12,NQ.v.0
2019-06-18 09:42:00+00:00,33,1,9166,7574.75,7575.0,7574.25,7574.75,19,NQ.v.0
2019-06-18 09:43:00+00:00,33,1,9166,7574.25,7574.5,7574.0,7574.5,11,NQ.v.0
2019-06-18 09:44:00+00:00,33,1,9166,7575.0,7575.25,7574.25,7574.25,20,NQ.v.0
2019-06-18 09:45:00+00:00,33,1,9166,7574.75,7576.0,7574.75,7575.0,18,NQ.v.0
2019-06-18 09:46:00+00:00,33,1,9166,7574.75,7575.0,7574.25,7574.75,9,NQ.v.0
2019-06-18 09:47:00+00:00,33,1,9166,7574.75,7576.0,7574.75,7575.25,12,NQ.v.0
2019-06-18 09:48:00+00:00,33,1,9166,7574.0,7574.25,7572.5,7573.75,54,NQ.v.0
2019-06-18 09:49:00+00:00,33,1,9166,7573.25,7573.25,7570.5,7570.75,65,NQ.v.0
2019-06-18 09:50:00+00:00,33,1,9166,7571.0,7571.75,7570.25,7571.75,23,NQ.v.0
2019-06-18 09:51:00+00:00,33,1,9166,7571.0,7572.0,7570.5,7572.0,20,NQ.v.0
2019-06-18 09:52:00+00:00,33,1,9166,7571.75,7572.5,7571.75,7571.75,14,NQ.v.0
2019-06-18 09:53:00+00:00,33,1,9166,7571.25,7572.0,7570.5,7571.25,13,NQ.v.0
2019-06-18 09:54:00+00:00,33,1,9166,7571.5,7572.25,7570.5,7571.75,12,NQ.v.0
2019-06-18 09:55:00+00:00,33,1,9166,7571.25,7575.25,7571.25,7573.25,72,NQ.v.0
2019-06-18 09:56:00+00:00,33,1,9166,7573.5,7575.0,7573.25,7574.25,30,NQ.v.0
2019-06-18 09:57:00+00:00,33,1,9166,7573.5,7573.5,7571.5,7571.5,23,NQ.v.0
2019-06-18 09:58:00+00:00,33,1,9166,7572.25,7573.25,7572.25,7572.5,31,NQ.v.0
2019-06-18 09:59:00+00:00,33,1,9166,7573.0,7574.25,7573.0,7574.25,16,NQ.v.0
2019-06-18 10:00:00+00:00,33,1,9166,7574.5,7574.5,7573.5,7573.5,4,NQ.v.0
2019-06-18 10:01:00+00:00,33,1,9166,7572.75,7572.75,7572.5,7572.75,5,NQ.v.0
2019-06-18 10:02:00+00:00,33,1,9166,7572.5,7575.0,7572.5,7574.5,10,NQ.v.0
2019-06-18 10:03:00+00:00,33,1,9166,7575.0,7576.0,7574.5,7575.5,23,NQ.v.0
2019-06-18 10:04:00+00:00,33,1,9166,7575.0,7576.75,7574.75,7576.75,17,NQ.v.0
2019-06-18 10:05:00+00:00,33,1,9166,7576.75,7577.0,7575.5,7576.25,24,NQ.v.0
2019-06-18 10:06:00+00:00,33,1,9166,7576.25,7576.25,7574.75,7574.75,25,NQ.v.0
2019-06-18 10:07:00+00:00,33,1,9166,7575.5,7575.75,7574.75,7574.75,20,NQ.v.0
2019-06-18 10:08:00+00:00,33,1,9166,7574.5,7574.5,7574.25,7574.25,3,NQ.v.0
2019-06-18 10:09:00+00:00,33,1,9166,7574.0,7575.0,7573.75,7575.0,10,NQ.v.0
2019-06-18 10:10:00+00:00,33,1,9166,7574.0,7574.0,7572.0,7572.5,31,NQ.v.0
2019-06-18 10:11:00+00:00,33,1,9166,7572.25,7572.5,7571.25,7572.0,13,NQ.v.0
2019-06-18 10:12:00+00:00,33,1,9166,7572.25,7572.5,7570.75,7571.75,35,NQ.v.0
2019-06-18 10:13:00+00:00,33,1,9166,7572.0,7572.25,7571.25,7572.0,13,NQ.v.0
2019-06-18 10:14:00+00:00,33,1,9166,7571.5,7573.0,7571.0,7571.5,30,NQ.v.0
2019-06-18 10:15:00+00:00,33,1,9166,7572.25,7572.75,7572.25,7572.75,2,NQ.v.0
2019-06-18 10:16:00+00:00,33,1,9166,7572.25,7573.0,7572.0,7573.0,7,NQ.v.0
2019-06-18 10:17:00+00:00,33,1,9166,7574.0,7575.0,7573.75,7574.5,14,NQ.v.0
2019-06-18 10:18:00+00:00,33,1,9166,7574.25,7575.5,7574.0,7574.25,24,NQ.v.0
2019-06-18 10:19:00+00:00,33,1,9166,7575.0,7575.75,7575.0,7575.25,10,NQ.v.0
2019-06-18 10:20:00+00:00,33,1,9166,7575.5,7577.25,7575.5,7576.5,20,NQ.v.0
2019-06-18 10:21:00+00:00,33,1,9166,7575.75,7576.0,7575.0,7575.25,21,NQ.v.0
2019-06-18 10:22:00+00:00,33,1,9166,7575.5,7577.5,7575.5,7577.5,15,NQ.v.0
2019-06-18 10:23:00+00:00,33,1,9166,7577.75,7577.75,7576.75,7577.25,15,NQ.v.0
2019-06-18 10:24:00+00:00,33,1,9166,7577.5,7577.5,7576.25,7576.25,13,NQ.v.0
2019-06-18 10:25:00+00:00,33,1,9166,7577.25,7578.75,7577.0,7578.5,48,NQ.v.0
2019-06-18 10:26:00+00:00,33,1,9166,7579.0,7582.75,7579.0,7581.5,333,NQ.v.0
2019-06-18 10:27:00+00:00,33,1,9166,7580.75,7582.5,7580.5,7581.25,43,NQ.v.0
2019-06-18 10:28:00+00:00,33,1,9166,7581.5,7584.75,7581.5,7583.5,96,NQ.v.0
2019-06-18 10:29:00+00:00,33,1,9166,7583.25,7586.25,7583.25,7585.75,67,NQ.v.0
2019-06-18 10:30:00+00:00,33,1,9166,7585.25,7587.5,7584.5,7587.5,93,NQ.v.0
2019-06-18 10:31:00+00:00,33,1,9166,7587.5,7587.75,7583.5,7583.75,78,NQ.v.0
2019-06-18 10:32:00+00:00,33,1,9166,7584.0,7584.75,7582.25,7582.5,37,NQ.v.0
2019-06-18 10:33:00+00:00,33,1,9166,7582.75,7585.0,7582.25,7584.25,47,NQ.v.0
2019-06-18 10:34:00+00:00,33,1,9166,7584.75,7587.0,7584.25,7585.75,43,NQ.v.0
2019-06-18 10:35:00+00:00,33,1,9166,7585.0,7585.0,7583.75,7584.5,20,NQ.v.0
2019-06-18 10:36:00+00:00,33,1,9166,7584.25,7589.5,7584.25,7589.5,109,NQ.v.0
2019-06-18 10:37:00+00:00,33,1,9166,7589.25,7590.75,7588.0,7588.0,166,NQ.v.0
2019-06-18 10:38:00+00:00,33,1,9166,7587.75,7588.25,7587.0,7587.25,29,NQ.v.0
2019-06-18 10:39:00+00:00,33,1,9166,7588.0,7589.5,7587.0,7589.25,33,NQ.v.0
2019-06-18 10:40:00+00:00,33,1,9166,7589.25,7594.5,7589.0,7593.5,142,NQ.v.0
2019-06-18 10:41:00+00:00,33,1,9166,7593.25,7595.0,7591.0,7591.75,146,NQ.v.0
2019-06-18 10:42:00+00:00,33,1,9166,7591.25,7594.75,7590.0,7593.0,99,NQ.v.0
2019-06-18 10:43:00+00:00,33,1,9166,7593.0,7593.5,7592.0,7593.5,38,NQ.v.0
2019-06-18 10:44:00+00:00,33,1,9166,7593.75,7594.75,7593.0,7593.75,60,NQ.v.0
2019-06-18 10:45:00+00:00,33,1,9166,7593.75,7596.75,7593.25,7595.0,150,NQ.v.0
2019-06-18 10:46:00+00:00,33,1,9166,7595.25,7598.0,7595.25,7596.75,69,NQ.v.0
2019-06-18 10:47:00+00:00,33,1,9166,7597.0,7598.0,7596.25,7596.75,80,NQ.v.0
2019-06-18 10:48:00+00:00,33,1,9166,7596.5,7597.25,7596.25,7596.25,39,NQ.v.0
2019-06-18 10:49:00+00:00,33,1,9166,7596.0,7597.75,7596.0,7597.0,66,NQ.v.0
2019-06-18 10:50:00+00:00,33,1,9166,7597.5,7598.0,7596.0,7597.25,32,NQ.v.0
2019-06-18 10:51:00+00:00,33,1,9166,7597.25,7598.5,7597.0,7598.5,39,NQ.v.0
2019-06-18 10:52:00+00:00,33,1,9166,7598.25,7603.5,7598.25,7602.5,334,NQ.v.0
2019-06-18 10:53:00+00:00,33,1,9166,7602.75,7608.5,7602.0,7607.75,351,NQ.v.0
2019-06-18 10:54:00+00:00,33,1,9166,7607.25,7612.25,7606.75,7607.75,351,NQ.v.0
2019-06-18 10:55:00+00:00,33,1,9166,7607.25,7607.75,7603.0,7604.25,151,NQ.v.0
2019-06-18 10:56:00+00:00,33,1,9166,7604.25,7605.5,7601.5,7602.5,130,NQ.v.0
2019-06-18 10:57:00+00:00,33,1,9166,7602.25,7603.5,7601.0,7601.25,85,NQ.v.0
2019-06-18 10:58:00+00:00,33,1,9166,7601.75,7603.75,7601.25,7603.25,72,NQ.v.0
2019-06-18 10:59:00+00:00,33,1,9166,7603.25,7606.5,7602.0,7606.0,96,NQ.v.0
2019-06-18 11:00:00+00:00,33,1,9166,7605.75,7605.75,7601.75,7602.75,117,NQ.v.0
2019-06-18 11:01:00+00:00,33,1,9166,7602.75,7602.75,7599.75,7601.25,58,NQ.v.0
2019-06-18 11:02:00+00:00,33,1,9166,7601.5,7602.75,7600.25,7600.75,96,NQ.v.0
2019-06-18 11:03:00+00:00,33,1,9166,7599.75,7600.75,7598.0,7599.25,45,NQ.v.0
2019-06-18 11:04:00+00:00,33,1,9166,7598.75,7599.0,7597.0,7598.75,62,NQ.v.0
2019-06-18 11:05:00+00:00,33,1,9166,7599.0,7599.75,7597.25,7599.75,143,NQ.v.0
2019-06-18 11:06:00+00:00,33,1,9166,7599.25,7599.75,7598.5,7599.5,76,NQ.v.0
2019-06-18 11:07:00+00:00,33,1,9166,7599.75,7600.75,7599.75,7600.5,70,NQ.v.0
2019-06-18 11:08:00+00:00,33,1,9166,7600.75,7603.5,7600.75,7603.0,184,NQ.v.0
2019-06-18 11:09:00+00:00,33,1,9166,7602.5,7603.25,7601.75,7601.75,101,NQ.v.0
2019-06-18 11:10:00+00:00,33,1,9166,7601.5,7604.0,7601.0,7604.0,40,NQ.v.0
2019-06-18 11:11:00+00:00,33,1,9166,7603.5,7605.5,7601.5,7605.0,167,NQ.v.0
2019-06-18 11:12:00+00:00,33,1,9166,7605.5,7606.75,7604.75,7605.75,212,NQ.v.0
2019-06-18 11:13:00+00:00,33,1,9166,7606.0,7606.5,7603.75,7604.75,80,NQ.v.0
2019-06-18 11:14:00+00:00,33,1,9166,7605.0,7605.0,7602.5,7602.75,45,NQ.v.0
2019-06-18 11:15:00+00:00,33,1,9166,7603.0,7604.25,7600.0,7600.0,85,NQ.v.0
2019-06-18 11:16:00+00:00,33,1,9166,7600.25,7602.0,7600.25,7601.25,54,NQ.v.0
2019-06-18 11:17:00+00:00,33,1,9166,7601.5,7603.0,7601.5,7602.25,20,NQ.v.0
2019-06-18 11:18:00+00:00,33,1,9166,7601.75,7602.5,7601.5,7601.5,14,NQ.v.0
2019-06-18 11:19:00+00:00,33,1,9166,7601.5,7601.5,7600.25,7601.25,42,NQ.v.0
2019-06-18 11:20:00+00:00,33,1,9166,7600.75,7600.75,7600.0,7600.5,62,NQ.v.0
2019-06-18 11:21:00+00:00,33,1,9166,7601.0,7601.25,7600.0,7600.0,27,NQ.v.0
2019-06-18 11:22:00+00:00,33,1,9166,7600.0,7600.0,7597.25,7598.0,86,NQ.v.0
2019-06-18 11:23:00+00:00,33,1,9166,7597.5,7599.25,7595.5,7596.0,88,NQ.v.0
2019-06-18 11:24:00+00:00,33,1,9166,7596.0,7597.75,7594.75,7597.25,73,NQ.v.0
2019-06-18 11:25:00+00:00,33,1,9166,7597.5,7599.0,7597.5,7598.25,50,NQ.v.0
2019-06-18 11:26:00+00:00,33,1,9166,7598.0,7600.0,7597.25,7598.75,49,NQ.v.0
2019-06-18 11:27:00+00:00,33,1,9166,7599.25,7600.75,7599.25,7600.75,23,NQ.v.0
2019-06-18 11:28:00+00:00,33,1,9166,7600.25,7600.25,7597.25,7597.5,47,NQ.v.0
2019-06-18 11:29:00+00:00,33,1,9166,7597.75,7598.5,7597.5,7598.0,18,NQ.v.0
2019-06-18 11:30:00+00:00,33,1,9166,7598.0,7598.75,7597.5,7598.75,10,NQ.v.0
2019-06-18 11:31:00+00:00,33,1,9166,7598.0,7598.75,7595.5,7596.75,69,NQ.v.0
2019-06-18 11:32:00+00:00,33,1,9166,7597.0,7597.75,7597.0,7597.75,15,NQ.v.0
2019-06-18 11:33:00+00:00,33,1,9166,7597.25,7597.25,7596.0,7596.5,17,NQ.v.0
2019-06-18 11:34:00+00:00,33,1,9166,7597.0,7597.75,7596.25,7597.0,11,NQ.v.0
2019-06-18 11:35:00+00:00,33,1,9166,7597.5,7600.75,7597.0,7600.0,68,NQ.v.0
2019-06-18 11:36:00+00:00,33,1,9166,7599.75,7603.75,7599.75,7603.25,66,NQ.v.0
2019-06-18 11:37:00+00:00,33,1,9166,7603.5,7605.0,7603.25,7604.5,91,NQ.v.0
2019-06-18 11:38:00+00:00,33,1,9166,7604.0,7604.0,7603.0,7604.0,15,NQ.v.0
2019-06-18 11:39:00+00:00,33,1,9166,7603.25,7605.0,7603.0,7605.0,60,NQ.v.0
2019-06-18 11:40:00+00:00,33,1,9166,7604.5,7606.25,7604.5,7605.5,109,NQ.v.0
2019-06-18 11:41:00+00:00,33,1,9166,7605.5,7605.75,7602.5,7603.25,75,NQ.v.0
2019-06-18 11:42:00+00:00,33,1,9166,7603.25,7605.0,7602.5,7604.0,45,NQ.v.0
2019-06-18 11:43:00+00:00,33,1,9166,7603.75,7603.75,7601.5,7603.25,49,NQ.v.0
2019-06-18 11:44:00+00:00,33,1,9166,7603.25,7604.25,7603.25,7603.75,23,NQ.v.0
2019-06-18 11:45:00+00:00,33,1,9166,7603.75,7604.0,7603.25,7603.5,25,NQ.v.0
2019-06-18 11:46:00+00:00,33,1,9166,7603.75,7606.5,7603.75,7605.75,65,NQ.v.0
2019-06-18 11:47:00+00:00,33,1,9166,7605.5,7608.0,7605.25,7607.5,69,NQ.v.0
2019-06-18 11:48:00+00:00,33,1,9166,7607.75,7608.0,7604.75,7605.25,102,NQ.v.0
2019-06-18 11:49:00+00:00,33,1,9166,7605.25,7606.5,7604.75,7606.5,37,NQ.v.0
2019-06-18 11:50:00+00:00,33,1,9166,7605.75,7606.5,7605.25,7606.5,42,NQ.v.0
2019-06-18 11:51:00+00:00,33,1,9166,7606.5,7610.0,7606.5,7610.0,101,NQ.v.0
2019-06-18 11:52:00+00:00,33,1,9166,7610.0,7614.0,7609.75,7612.0,276,NQ.v.0
2019-06-18 11:53:00+00:00,33,1,9166,7612.0,7614.25,7612.0,7613.75,141,NQ.v.0
2019-06-18 11:54:00+00:00,33,1,9166,7613.75,7614.0,7612.5,7613.5,73,NQ.v.0
2019-06-18 11:55:00+00:00,33,1,9166,7613.25,7614.0,7612.25,7613.0,69,NQ.v.0
2019-06-18 11:56:00+00:00,33,1,9166,7613.0,7613.25,7612.25,7612.75,32,NQ.v.0
2019-06-18 11:57:00+00:00,33,1,9166,7613.0,7613.5,7612.5,7612.75,65,NQ.v.0
2019-06-18 11:58:00+00:00,33,1,9166,7612.75,7612.75,7610.75,7611.75,84,NQ.v.0
2019-06-18 11:59:00+00:00,33,1,9166,7611.75,7612.5,7610.75,7610.75,66,NQ.v.0
2019-06-18 12:00:00+00:00,33,1,9166,7610.25,7616.5,7609.75,7615.75,103,NQ.v.0
2019-06-18 12:01:00+00:00,33,1,9166,7615.5,7615.5,7614.0,7615.0,56,NQ.v.0
2019-06-18 12:02:00+00:00,33,1,9166,7615.25,7616.0,7611.25,7613.25,97,NQ.v.0
2019-06-18 12:03:00+00:00,33,1,9166,7613.25,7615.5,7613.25,7615.0,75,NQ.v.0
2019-06-18 12:04:00+00:00,33,1,9166,7614.25,7616.0,7614.0,7614.5,64,NQ.v.0
2019-06-18 12:05:00+00:00,33,1,9166,7614.0,7617.5,7614.0,7616.25,132,NQ.v.0
2019-06-18 12:06:00+00:00,33,1,9166,7616.75,7617.25,7614.0,7617.25,73,NQ.v.0
2019-06-18 12:07:00+00:00,33,1,9166,7617.25,7618.0,7616.25,7617.0,80,NQ.v.0
2019-06-18 12:08:00+00:00,33,1,9166,7617.5,7617.5,7614.5,7615.25,65,NQ.v.0
2019-06-18 12:09:00+00:00,33,1,9166,7615.0,7615.25,7613.5,7614.0,48,NQ.v.0
2019-06-18 12:10:00+00:00,33,1,9166,7613.75,7614.25,7613.0,7613.25,66,NQ.v.0
2019-06-18 12:11:00+00:00,33,1,9166,7613.0,7615.25,7613.0,7614.25,29,NQ.v.0
2019-06-18 12:12:00+00:00,33,1,9166,7614.5,7616.75,7614.5,7616.5,63,NQ.v.0
2019-06-18 12:13:00+00:00,33,1,9166,7616.5,7617.0,7615.5,7616.0,113,NQ.v.0
2019-06-18 12:14:00+00:00,33,1,9166,7616.5,7617.0,7614.5,7615.0,59,NQ.v.0
2019-06-18 12:15:00+00:00,33,1,9166,7616.0,7616.75,7613.25,7614.0,50,NQ.v.0
2019-06-18 12:16:00+00:00,33,1,9166,7614.5,7616.0,7614.5,7616.0,59,NQ.v.0
2019-06-18 12:17:00+00:00,33,1,9166,7615.25,7616.75,7615.0,7616.25,41,NQ.v.0
2019-06-18 12:18:00+00:00,33,1,9166,7616.0,7617.75,7616.0,7616.25,81,NQ.v.0
2019-06-18 12:19:00+00:00,33,1,9166,7616.25,7617.75,7616.0,7617.75,65,NQ.v.0
2019-06-18 12:20:00+00:00,33,1,9166,7617.75,7618.5,7615.25,7616.0,104,NQ.v.0
2019-06-18 12:21:00+00:00,33,1,9166,7615.5,7615.75,7614.0,7615.75,79,NQ.v.0
2019-06-18 12:22:00+00:00,33,1,9166,7616.0,7617.5,7616.0,7616.75,40,NQ.v.0
2019-06-18 12:23:00+00:00,33,1,9166,7617.25,7617.5,7614.5,7615.75,26,NQ.v.0
2019-06-18 12:24:00+00:00,33,1,9166,7615.75,7617.25,7615.5,7616.0,35,NQ.v.0
2019-06-18 12:25:00+00:00,33,1,9166,7615.75,7616.5,7615.5,7616.0,25,NQ.v.0
2019-06-18 12:26:00+00:00,33,1,9166,7617.5,7620.75,7616.75,7619.0,488,NQ.v.0
2019-06-18 12:27:00+00:00,33,1,9166,7619.0,7620.0,7618.0,7618.75,71,NQ.v.0
2019-06-18 12:28:00+00:00,33,1,9166,7619.0,7619.75,7618.5,7618.5,45,NQ.v.0
2019-06-18 12:29:00+00:00,33,1,9166,7618.25,7619.25,7617.25,7618.0,57,NQ.v.0
2019-06-18 12:30:00+00:00,33,1,9166,7617.5,7619.0,7616.5,7618.25,64,NQ.v.0
2019-06-18 12:31:00+00:00,33,1,9166,7618.75,7619.75,7618.0,7619.0,24,NQ.v.0
2019-06-18 12:32:00+00:00,33,1,9166,7619.5,7621.5,7619.0,7621.0,206,NQ.v.0
2019-06-18 12:33:00+00:00,33,1,9166,7621.25,7622.25,7610.5,7612.75,362,NQ.v.0
2019-06-18 12:34:00+00:00,33,1,9166,7613.25,7617.5,7612.75,7614.0,149,NQ.v.0
2019-06-18 12:35:00+00:00,33,1,9166,7614.0,7616.25,7612.75,7615.0,132,NQ.v.0
2019-06-18 12:36:00+00:00,33,1,9166,7615.0,7615.75,7613.5,7614.75,65,NQ.v.0
2019-06-18 12:37:00+00:00,33,1,9166,7614.75,7620.0,7614.75,7620.0,63,NQ.v.0
2019-06-18 12:38:00+00:00,33,1,9166,7619.25,7619.25,7615.5,7616.5,83,NQ.v.0
2019-06-18 12:39:00+00:00,33,1,9166,7615.75,7617.75,7615.5,7617.0,40,NQ.v.0
2019-06-18 12:40:00+00:00,33,1,9166,7616.0,7618.0,7614.5,7616.25,115,NQ.v.0
2019-06-18 12:41:00+00:00,33,1,9166,7616.25,7616.25,7614.0,7615.0,59,NQ.v.0
2019-06-18 12:42:00+00:00,33,1,9166,7614.5,7614.75,7613.0,7613.25,78,NQ.v.0
2019-06-18 12:43:00+00:00,33,1,9166,7613.25,7613.75,7612.25,7612.5,57,NQ.v.0
2019-06-18 12:44:00+00:00,33,1,9166,7612.25,7613.0,7611.25,7612.0,92,NQ.v.0
2019-06-18 12:45:00+00:00,33,1,9166,7612.0,7612.75,7610.0,7610.0,100,NQ.v.0
2019-06-18 12:46:00+00:00,33,1,9166,7610.0,7611.5,7609.5,7610.25,114,NQ.v.0
2019-06-18 12:47:00+00:00,33,1,9166,7610.0,7610.75,7609.0,7609.5,61,NQ.v.0
2019-06-18 12:48:00+00:00,33,1,9166,7609.75,7611.5,7609.0,7609.0,110,NQ.v.0
2019-06-18 12:49:00+00:00,33,1,9166,7609.0,7610.5,7608.75,7610.5,58,NQ.v.0
2019-06-18 12:50:00+00:00,33,1,9166,7611.0,7612.75,7610.75,7611.0,99,NQ.v.0
2019-06-18 12:51:00+00:00,33,1,9166,7610.5,7612.0,7610.5,7612.0,49,NQ.v.0
2019-06-18 12:52:00+00:00,33,1,9166,7611.5,7611.5,7609.0,7609.5,62,NQ.v.0
2019-06-18 12:53:00+00:00,33,1,9166,7609.25,7613.0,7609.25,7613.0,49,NQ.v.0
2019-06-18 12:54:00+00:00,33,1,9166,7613.0,7613.5,7611.5,7611.75,144,NQ.v.0
2019-06-18 12:55:00+00:00,33,1,9166,7612.0,7615.75,7612.0,7615.75,108,NQ.v.0
2019-06-18 12:56:00+00:00,33,1,9166,7615.75,7618.0,7615.5,7617.5,133,NQ.v.0
2019-06-18 12:57:00+00:00,33,1,9166,7618.0,7620.0,7617.5,7619.5,119,NQ.v.0
2019-06-18 12:58:00+00:00,33,1,9166,7620.0,7620.25,7615.75,7617.5,190,NQ.v.0
2019-06-18 12:59:00+00:00,33,1,9166,7617.5,7617.75,7615.5,7616.25,101,NQ.v.0
2019-06-18 13:00:00+00:00,33,1,9166,7616.0,7617.5,7615.25,7615.75,117,NQ.v.0
2019-06-18 13:01:00+00:00,33,1,9166,7615.75,7619.25,7615.75,7619.25,75,NQ.v.0
2019-06-18 13:02:00+00:00,33,1,9166,7618.5,7618.5,7617.25,7618.0,31,NQ.v.0
2019-06-18 13:03:00+00:00,33,1,9166,7618.25,7619.75,7617.5,7618.0,75,NQ.v.0
2019-06-18 13:04:00+00:00,33,1,9166,7618.5,7618.5,7617.0,7618.0,50,NQ.v.0
2019-06-18 13:05:00+00:00,33,1,9166,7618.0,7618.5,7615.5,7615.75,155,NQ.v.0
2019-06-18 13:06:00+00:00,33,1,9166,7615.5,7616.75,7613.5,7614.75,137,NQ.v.0
2019-06-18 13:07:00+00:00,33,1,9166,7614.75,7615.0,7612.5,7613.0,98,NQ.v.0
2019-06-18 13:08:00+00:00,33,1,9166,7613.0,7613.5,7611.5,7613.25,102,NQ.v.0
2019-06-18 13:09:00+00:00,33,1,9166,7612.75,7613.25,7612.25,7613.25,47,NQ.v.0
2019-06-18 13:10:00+00:00,33,1,9166,7613.0,7613.25,7612.25,7612.5,53,NQ.v.0
2019-06-18 13:11:00+00:00,33,1,9166,7613.0,7615.5,7612.75,7614.75,52,NQ.v.0
2019-06-18 13:12:00+00:00,33,1,9166,7615.0,7617.0,7614.75,7615.25,86,NQ.v.0
2019-06-18 13:13:00+00:00,33,1,9166,7615.75,7616.75,7614.0,7616.5,51,NQ.v.0
2019-06-18 13:14:00+00:00,33,1,9166,7616.25,7617.5,7613.0,7613.0,89,NQ.v.0
2019-06-18 13:15:00+00:00,33,1,9166,7613.0,7617.25,7613.0,7617.25,38,NQ.v.0
2019-06-18 13:16:00+00:00,33,1,9166,7616.75,7621.0,7616.75,7620.5,127,NQ.v.0
2019-06-18 13:17:00+00:00,33,1,9166,7620.25,7620.75,7618.0,7618.5,106,NQ.v.0
2019-06-18 13:18:00+00:00,33,1,9166,7617.5,7619.5,7617.5,7618.75,30,NQ.v.0
2019-06-18 13:19:00+00:00,33,1,9166,7618.75,7618.75,7616.0,7616.75,34,NQ.v.0
2019-06-18 13:20:00+00:00,33,1,9166,7616.0,7619.75,7616.0,7618.5,64,NQ.v.0
2019-06-18 13:21:00+00:00,33,1,9166,7619.0,7619.0,7618.25,7619.0,21,NQ.v.0
2019-06-18 13:22:00+00:00,33,1,9166,7618.5,7619.0,7616.5,7617.5,43,NQ.v.0
2019-06-18 13:23:00+00:00,33,1,9166,7617.5,7617.5,7615.5,7617.25,102,NQ.v.0
2019-06-18 13:24:00+00:00,33,1,9166,7616.5,7618.5,7616.25,7618.5,21,NQ.v.0
2019-06-18 13:25:00+00:00,33,1,9166,7618.0,7618.75,7617.5,7618.5,47,NQ.v.0
2019-06-18 13:26:00+00:00,33,1,9166,7618.5,7618.75,7617.5,7618.0,71,NQ.v.0
2019-06-18 13:27:00+00:00,33,1,9166,7617.75,7618.0,7616.75,7617.0,76,NQ.v.0
2019-06-18 13:28:00+00:00,33,1,9166,7616.75,7617.0,7613.25,7614.75,174,NQ.v.0
2019-06-18 13:29:00+00:00,33,1,9166,7614.75,7616.5,7613.5,7616.5,175,NQ.v.0
2019-06-18 13:30:00+00:00,33,1,9166,7616.5,7618.0,7603.0,7606.0,1101,NQ.v.0
2019-06-18 13:31:00+00:00,33,1,9166,7606.5,7606.75,7599.75,7602.0,721,NQ.v.0
2019-06-18 13:32:00+00:00,33,1,9166,7601.75,7606.75,7598.25,7605.5,617,NQ.v.0
2019-06-18 13:33:00+00:00,33,1,9166,7605.75,7615.5,7604.5,7614.5,743,NQ.v.0
2019-06-18 13:34:00+00:00,33,1,9166,7614.5,7616.75,7602.75,7605.5,913,NQ.v.0
2019-06-18 13:35:00+00:00,33,1,9166,7605.5,7613.0,7605.5,7611.0,441,NQ.v.0
2019-06-18 13:36:00+00:00,33,1,9166,7611.0,7611.0,7604.5,7608.0,648,NQ.v.0
2019-06-18 13:37:00+00:00,33,1,9166,7608.75,7609.25,7601.75,7603.75,493,NQ.v.0
2019-06-18 13:38:00+00:00,33,1,9166,7603.75,7607.5,7603.5,7605.0,373,NQ.v.0
2019-06-18 13:39:00+00:00,33,1,9166,7606.0,7635.5,7603.0,7633.75,2281,NQ.v.0
2019-06-18 13:40:00+00:00,33,1,9166,7633.25,7639.0,7626.5,7639.0,1960,NQ.v.0
2019-06-18 13:41:00+00:00,33,1,9166,7638.5,7644.0,7632.75,7642.0,1818,NQ.v.0
2019-06-18 13:42:00+00:00,33,1,9166,7642.75,7662.75,7642.25,7658.0,3165,NQ.v.0
2019-06-18 13:43:00+00:00,33,1,9166,7657.75,7668.25,7656.75,7667.5,1212,NQ.v.0
2019-06-18 13:44:00+00:00,33,1,9166,7666.75,7673.5,7658.25,7664.25,2286,NQ.v.0
2019-06-18 13:45:00+00:00,33,1,9166,7663.5,7672.0,7660.75,7671.75,605,NQ.v.0
2019-06-18 13:46:00+00:00,33,1,9166,7670.75,7674.5,7667.0,7671.5,712,NQ.v.0
2019-06-18 13:47:00+00:00,33,1,9166,7671.0,7673.75,7668.75,7670.0,398,NQ.v.0
2019-06-18 13:48:00+00:00,33,1,9166,7670.0,7680.75,7664.75,7677.25,1041,NQ.v.0
2019-06-18 13:49:00+00:00,33,1,9166,7677.5,7679.0,7671.25,7676.0,679,NQ.v.0
2019-06-18 13:50:00+00:00,33,1,9166,7676.0,7681.5,7675.0,7677.25,593,NQ.v.0
2019-06-18 13:51:00+00:00,33,1,9166,7677.25,7680.75,7669.5,7678.75,937,NQ.v.0
2019-06-18 13:52:00+00:00,33,1,9166,7680.0,7681.0,7671.25,7675.0,314,NQ.v.0
2019-06-18 13:53:00+00:00,33,1,9166,7675.5,7678.5,7671.75,7672.25,390,NQ.v.0
2019-06-18 13:54:00+00:00,33,1,9166,7673.0,7675.75,7670.75,7673.25,286,NQ.v.0
2019-06-18 13:55:00+00:00,33,1,9166,7672.25,7673.5,7666.5,7668.0,381,NQ.v.0
2019-06-18 13:56:00+00:00,33,1,9166,7668.25,7670.75,7662.25,7664.25,569,NQ.v.0
2019-06-18 13:57:00+00:00,33,1,9166,7665.5,7668.5,7661.0,7664.0,614,NQ.v.0
2019-06-18 13:58:00+00:00,33,1,9166,7664.0,7672.5,7661.75,7664.75,527,NQ.v.0
2019-06-18 13:59:00+00:00,33,1,9166,7664.5,7670.5,7663.0,7667.0,463,NQ.v.0
2019-06-18 14:00:00+00:00,33,1,9166,7666.75,7672.0,7663.75,7671.5,507,NQ.v.0
2019-06-18 14:01:00+00:00,33,1,9166,7671.25,7684.5,7671.0,7679.25,876,NQ.v.0
2019-06-18 14:02:00+00:00,33,1,9166,7678.5,7684.25,7678.0,7681.5,819,NQ.v.0
2019-06-18 14:03:00+00:00,33,1,9166,7681.75,7683.0,7677.0,7681.0,613,NQ.v.0
2019-06-18 14:04:00+00:00,33,1,9166,7681.25,7682.0,7678.0,7678.5,415,NQ.v.0
2019-06-18 14:05:00+00:00,33,1,9166,7678.5,7681.75,7675.0,7678.25,628,NQ.v.0
2019-06-18 14:06:00+00:00,33,1,9166,7678.25,7678.25,7669.0,7669.25,610,NQ.v.0
2019-06-18 14:07:00+00:00,33,1,9166,7669.25,7675.0,7668.75,7673.25,528,NQ.v.0
2019-06-18 14:08:00+00:00,33,1,9166,7673.0,7675.75,7670.25,7675.0,448,NQ.v.0
2019-06-18 14:09:00+00:00,33,1,9166,7675.25,7676.25,7670.75,7670.75,376,NQ.v.0
2019-06-18 14:10:00+00:00,33,1,9166,7670.75,7675.0,7670.0,7670.25,377,NQ.v.0
2019-06-18 14:11:00+00:00,33,1,9166,7670.25,7679.25,7670.25,7676.25,469,NQ.v.0
2019-06-18 14:12:00+00:00,33,1,9166,7676.5,7680.0,7674.5,7679.0,182,NQ.v.0
2019-06-18 14:13:00+00:00,33,1,9166,7679.0,7682.5,7676.5,7679.5,456,NQ.v.0
2019-06-18 14:14:00+00:00,33,1,9166,7679.0,7679.0,7674.0,7676.25,174,NQ.v.0
2019-06-18 14:15:00+00:00,33,1,9166,7676.25,7677.0,7670.5,7673.0,426,NQ.v.0
2019-06-18 14:16:00+00:00,33,1,9166,7673.0,7673.5,7669.25,7670.5,554,NQ.v.0
2019-06-18 14:17:00+00:00,33,1,9166,7671.0,7673.5,7667.25,7671.25,282,NQ.v.0
2019-06-18 14:18:00+00:00,33,1,9166,7671.0,7674.25,7670.25,7672.25,342,NQ.v.0
2019-06-18 14:19:00+00:00,33,1,9166,7671.75,7674.25,7670.25,7672.75,159,NQ.v.0
2019-06-18 14:20:00+00:00,33,1,9166,7672.75,7674.5,7670.5,7672.5,356,NQ.v.0
2019-06-18 14:21:00+00:00,33,1,9166,7672.0,7672.75,7669.25,7669.75,226,NQ.v.0
2019-06-18 14:22:00+00:00,33,1,9166,7669.0,7674.5,7668.0,7673.25,233,NQ.v.0
2019-06-18 14:23:00+00:00,33,1,9166,7673.75,7674.25,7669.0,7669.5,332,NQ.v.0
2019-06-18 14:24:00+00:00,33,1,9166,7669.5,7670.75,7666.5,7667.25,202,NQ.v.0
2019-06-18 14:25:00+00:00,33,1,9166,7668.0,7671.5,7667.0,7668.75,418,NQ.v.0
2019-06-18 14:26:00+00:00,33,1,9166,7668.5,7673.25,7668.5,7672.25,173,NQ.v.0
2019-06-18 14:27:00+00:00,33,1,9166,7671.75,7674.75,7671.25,7674.5,330,NQ.v.0
2019-06-18 14:28:00+00:00,33,1,9166,7674.5,7676.25,7673.0,7673.0,175,NQ.v.0
2019-06-18 14:29:00+00:00,33,1,9166,7673.0,7676.25,7672.5,7674.0,384,NQ.v.0
2019-06-18 14:30:00+00:00,33,1,9166,7674.5,7680.0,7674.5,7678.0,395,NQ.v.0
2019-06-18 14:31:00+00:00,33,1,9166,7678.0,7680.5,7677.0,7679.0,197,NQ.v.0
2019-06-18 14:32:00+00:00,33,1,9166,7679.0,7681.5,7678.0,7681.5,318,NQ.v.0
2019-06-18 14:33:00+00:00,33,1,9166,7681.5,7682.5,7676.25,7677.75,386,NQ.v.0
2019-06-18 14:34:00+00:00,33,1,9166,7677.75,7679.0,7676.25,7676.5,141,NQ.v.0
2019-06-18 14:35:00+00:00,33,1,9166,7677.0,7678.5,7674.5,7677.0,287,NQ.v.0
2019-06-18 14:36:00+00:00,33,1,9166,7676.75,7678.0,7675.5,7678.0,149,NQ.v.0
2019-06-18 14:37:00+00:00,33,1,9166,7678.0,7685.25,7678.0,7684.5,464,NQ.v.0
2019-06-18 14:38:00+00:00,33,1,9166,7684.75,7688.5,7683.5,7684.5,875,NQ.v.0
2019-06-18 14:39:00+00:00,33,1,9166,7684.5,7686.0,7683.25,7684.75,180,NQ.v.0
2019-06-18 14:40:00+00:00,33,1,9166,7684.75,7688.0,7682.75,7686.0,252,NQ.v.0
2019-06-18 14:41:00+00:00,33,1,9166,7685.5,7686.5,7683.5,7684.75,155,NQ.v.0
2019-06-18 14:42:00+00:00,33,1,9166,7684.75,7685.25,7683.0,7683.75,195,NQ.v.0
2019-06-18 14:43:00+00:00,33,1,9166,7683.75,7684.25,7680.75,7683.25,323,NQ.v.0
2019-06-18 14:44:00+00:00,33,1,9166,7683.5,7684.25,7681.75,7682.75,190,NQ.v.0
2019-06-18 14:45:00+00:00,33,1,9166,7683.0,7684.25,7681.0,7682.75,200,NQ.v.0
2019-06-18 14:46:00+00:00,33,1,9166,7683.0,7684.75,7682.0,7682.5,144,NQ.v.0
2019-06-18 14:47:00+00:00,33,1,9166,7682.5,7683.75,7682.5,7683.25,206,NQ.v.0
2019-06-18 14:48:00+00:00,33,1,9166,7683.25,7685.0,7681.25,7684.25,203,NQ.v.0
2019-06-18 14:49:00+00:00,33,1,9166,7684.75,7686.5,7683.25,7685.5,233,NQ.v.0
2019-06-18 14:50:00+00:00,33,1,9166,7685.25,7686.5,7682.25,7682.25,185,NQ.v.0
2019-06-18 14:51:00+00:00,33,1,9166,7682.5,7682.5,7678.25,7680.0,354,NQ.v.0
2019-06-18 14:52:00+00:00,33,1,9166,7680.25,7683.75,7680.0,7683.0,162,NQ.v.0
2019-06-18 14:53:00+00:00,33,1,9166,7682.5,7687.0,7682.0,7686.75,241,NQ.v.0
2019-06-18 14:54:00+00:00,33,1,9166,7687.5,7691.25,7687.25,7691.0,495,NQ.v.0
2019-06-18 14:55:00+00:00,33,1,9166,7691.0,7692.0,7689.75,7691.5,328,NQ.v.0
2019-06-18 14:56:00+00:00,33,1,9166,7691.0,7693.5,7689.5,7690.75,395,NQ.v.0
2019-06-18 14:57:00+00:00,33,1,9166,7691.25,7691.5,7688.25,7688.25,204,NQ.v.0
2019-06-18 14:58:00+00:00,33,1,9166,7688.25,7689.75,7687.5,7688.5,126,NQ.v.0
2019-06-18 14:59:00+00:00,33,1,9166,7688.5,7689.0,7685.75,7686.75,168,NQ.v.0
2019-06-18 15:00:00+00:00,33,1,9166,7686.75,7690.5,7686.25,7688.5,225,NQ.v.0
2019-06-18 15:01:00+00:00,33,1,9166,7689.0,7690.5,7686.75,7689.0,132,NQ.v.0
2019-06-18 15:02:00+00:00,33,1,9166,7688.5,7692.5,7688.0,7688.0,395,NQ.v.0
2019-06-18 15:03:00+00:00,33,1,9166,7687.75,7689.0,7686.25,7687.0,310,NQ.v.0
2019-06-18 15:04:00+00:00,33,1,9166,7686.75,7688.5,7686.75,7688.25,101,NQ.v.0
2019-06-18 15:05:00+00:00,33,1,9166,7688.75,7690.0,7686.0,7690.0,218,NQ.v.0
2019-06-18 15:06:00+00:00,33,1,9166,7689.5,7690.5,7687.5,7689.25,175,NQ.v.0
2019-06-18 15:07:00+00:00,33,1,9166,7689.75,7691.25,7688.75,7689.75,168,NQ.v.0
2019-06-18 15:08:00+00:00,33,1,9166,7689.5,7693.25,7688.75,7690.0,309,NQ.v.0
2019-06-18 15:09:00+00:00,33,1,9166,7690.25,7690.75,7688.5,7690.5,157,NQ.v.0
2019-06-18 15:10:00+00:00,33,1,9166,7690.25,7691.5,7689.5,7690.5,154,NQ.v.0
2019-06-18 15:11:00+00:00,33,1,9166,7690.75,7692.5,7690.0,7691.25,180,NQ.v.0
2019-06-18 15:12:00+00:00,33,1,9166,7691.25,7691.5,7686.5,7686.75,222,NQ.v.0
2019-06-18 15:13:00+00:00,33,1,9166,7686.75,7687.0,7682.5,7683.0,365,NQ.v.0
2019-06-18 15:14:00+00:00,33,1,9166,7682.75,7683.0,7679.0,7680.5,252,NQ.v.0
2019-06-18 15:15:00+00:00,33,1,9166,7680.25,7681.75,7678.75,7681.75,180,NQ.v.0
2019-06-18 15:16:00+00:00,33,1,9166,7681.5,7682.5,7680.25,7680.75,177,NQ.v.0
2019-06-18 15:17:00+00:00,33,1,9166,7680.75,7681.75,7680.25,7681.75,102,NQ.v.0
2019-06-18 15:18:00+00:00,33,1,9166,7681.5,7682.25,7679.75,7680.25,112,NQ.v.0
2019-06-18 15:19:00+00:00,33,1,9166,7680.0,7681.5,7679.75,7680.75,100,NQ.v.0
2019-06-18 15:20:00+00:00,33,1,9166,7680.75,7683.25,7680.5,7683.0,91,NQ.v.0
2019-06-18 15:21:00+00:00,33,1,9166,7683.0,7683.5,7682.25,7683.25,117,NQ.v.0
2019-06-18 15:22:00+00:00,33,1,9166,7683.0,7684.75,7681.25,7682.75,139,NQ.v.0
2019-06-18 15:23:00+00:00,33,1,9166,7682.25,7688.0,7674.25,7674.75,614,NQ.v.0
2019-06-18 15:24:00+00:00,33,1,9166,7674.5,7675.5,7663.25,7667.25,1142,NQ.v.0
2019-06-18 15:25:00+00:00,33,1,9166,7667.5,7676.75,7667.25,7676.75,782,NQ.v.0
2019-06-18 15:26:00+00:00,33,1,9166,7676.25,7679.25,7674.25,7675.0,411,NQ.v.0
2019-06-18 15:27:00+00:00,33,1,9166,7674.75,7677.75,7674.25,7675.25,392,NQ.v.0
2019-06-18 15:28:00+00:00,33,1,9166,7674.75,7676.5,7672.75,7675.5,237,NQ.v.0
2019-06-18 15:29:00+00:00,33,1,9166,7675.75,7677.0,7673.0,7673.5,294,NQ.v.0
2019-06-18 15:30:00+00:00,33,1,9166,7674.0,7674.25,7670.25,7671.25,242,NQ.v.0
2019-06-18 15:31:00+00:00,33,1,9166,7671.5,7676.0,7671.5,7675.5,174,NQ.v.0
2019-06-18 15:32:00+00:00,33,1,9166,7675.5,7678.5,7672.25,7672.5,238,NQ.v.0
2019-06-18 15:33:00+00:00,33,1,9166,7672.25,7673.0,7669.25,7671.5,205,NQ.v.0
2019-06-18 15:34:00+00:00,33,1,9166,7671.5,7671.5,7666.25,7668.25,343,NQ.v.0
2019-06-18 15:35:00+00:00,33,1,9166,7668.0,7670.75,7665.5,7669.75,194,NQ.v.0
2019-06-18 15:36:00+00:00,33,1,9166,7669.75,7671.25,7668.5,7669.25,123,NQ.v.0
2019-06-18 15:37:00+00:00,33,1,9166,7669.75,7671.25,7668.0,7670.75,103,NQ.v.0
2019-06-18 15:38:00+00:00,33,1,9166,7670.75,7670.75,7666.75,7670.5,146,NQ.v.0
2019-06-18 15:39:00+00:00,33,1,9166,7670.75,7671.0,7667.75,7668.5,78,NQ.v.0
2019-06-18 15:40:00+00:00,33,1,9166,7668.75,7672.0,7668.0,7668.25,123,NQ.v.0
2019-06-18 15:41:00+00:00,33,1,9166,7668.0,7669.0,7666.5,7667.0,176,NQ.v.0
2019-06-18 15:42:00+00:00,33,1,9166,7667.0,7669.5,7666.5,7666.75,152,NQ.v.0
2019-06-18 15:43:00+00:00,33,1,9166,7666.75,7666.75,7664.25,7666.0,179,NQ.v.0
2019-06-18 15:44:00+00:00,33,1,9166,7665.75,7667.5,7664.25,7666.25,167,NQ.v.0
2019-06-18 15:45:00+00:00,33,1,9166,7666.0,7668.0,7665.0,7667.75,206,NQ.v.0
2019-06-18 15:46:00+00:00,33,1,9166,7668.0,7669.75,7667.75,7669.0,164,NQ.v.0
2019-06-18 15:47:00+00:00,33,1,9166,7668.75,7669.0,7666.0,7666.25,192,NQ.v.0
2019-06-18 15:48:00+00:00,33,1,9166,7666.5,7666.5,7659.25,7661.0,324,NQ.v.0
2019-06-18 15:49:00+00:00,33,1,9166,7661.5,7662.25,7653.75,7656.75,655,NQ.v.0
2019-06-18 15:50:00+00:00,33,1,9166,7656.5,7657.0,7654.0,7654.5,177,NQ.v.0
2019-06-18 15:51:00+00:00,33,1,9166,7654.75,7655.0,7653.0,7654.5,364,NQ.v.0
2019-06-18 15:52:00+00:00,33,1,9166,7654.0,7656.75,7654.0,7656.5,468,NQ.v.0
2019-06-18 15:53:00+00:00,33,1,9166,7656.5,7658.25,7652.0,7652.5,355,NQ.v.0
2019-06-18 15:54:00+00:00,33,1,9166,7652.25,7654.0,7650.0,7653.75,350,NQ.v.0
2019-06-18 15:55:00+00:00,33,1,9166,7654.0,7656.75,7652.75,7653.75,258,NQ.v.0
2019-06-18 15:56:00+00:00,33,1,9166,7653.75,7653.75,7650.0,7650.25,210,NQ.v.0
2019-06-18 15:57:00+00:00,33,1,9166,7650.5,7653.25,7649.25,7652.0,162,NQ.v.0
2019-06-18 15:58:00+00:00,33,1,9166,7652.0,7652.0,7649.25,7651.25,182,NQ.v.0
2019-06-18 15:59:00+00:00,33,1,9166,7651.25,7652.5,7650.0,7650.25,159,NQ.v.0
2019-06-18 16:00:00+00:00,33,1,9166,7650.25,7655.5,7649.75,7655.5,198,NQ.v.0
2019-06-18 16:01:00+00:00,33,1,9166,7655.25,7657.5,7654.0,7656.75,187,NQ.v.0
2019-06-18 16:02:00+00:00,33,1,9166,7656.75,7661.25,7656.25,7660.5,367,NQ.v.0
2019-06-18 16:03:00+00:00,33,1,9166,7661.0,7661.0,7656.75,7657.75,160,NQ.v.0
2019-06-18 16:04:00+00:00,33,1,9166,7657.5,7657.5,7655.25,7655.5,98,NQ.v.0
2019-06-18 16:05:00+00:00,33,1,9166,7655.25,7658.75,7655.0,7658.25,89,NQ.v.0
2019-06-18 16:06:00+00:00,33,1,9166,7658.25,7659.75,7657.0,7658.75,147,NQ.v.0
2019-06-18 16:07:00+00:00,33,1,9166,7658.5,7659.25,7656.25,7656.25,89,NQ.v.0
2019-06-18 16:08:00+00:00,33,1,9166,7656.25,7658.75,7656.25,7658.75,103,NQ.v.0
2019-06-18 16:09:00+00:00,33,1,9166,7659.25,7660.0,7657.25,7659.75,68,NQ.v.0
2019-06-18 16:10:00+00:00,33,1,9166,7660.0,7662.25,7658.5,7661.5,130,NQ.v.0
2019-06-18 16:11:00+00:00,33,1,9166,7661.25,7661.25,7659.0,7660.0,77,NQ.v.0
2019-06-18 16:12:00+00:00,33,1,9166,7660.0,7660.75,7658.5,7658.5,100,NQ.v.0
2019-06-18 16:13:00+00:00,33,1,9166,7658.25,7658.75,7655.5,7656.25,149,NQ.v.0
2019-06-18 16:14:00+00:00,33,1,9166,7656.0,7658.25,7655.75,7657.25,158,NQ.v.0
2019-06-18 16:15:00+00:00,33,1,9166,7656.75,7656.75,7653.75,7654.5,78,NQ.v.0
2019-06-18 16:16:00+00:00,33,1,9166,7653.75,7654.75,7652.25,7652.5,56,NQ.v.0
2019-06-18 16:17:00+00:00,33,1,9166,7652.5,7653.75,7649.5,7649.5,126,NQ.v.0
2019-06-18 16:18:00+00:00,33,1,9166,7649.75,7651.0,7645.0,7646.25,196,NQ.v.0
2019-06-18 16:19:00+00:00,33,1,9166,7646.25,7649.5,7646.0,7649.0,113,NQ.v.0
2019-06-18 16:20:00+00:00,33,1,9166,7649.0,7652.0,7648.5,7650.0,90,NQ.v.0
2019-06-18 16:21:00+00:00,33,1,9166,7650.25,7650.5,7648.0,7648.25,50,NQ.v.0
2019-06-18 16:22:00+00:00,33,1,9166,7648.0,7651.25,7647.5,7651.25,54,NQ.v.0
2019-06-18 16:23:00+00:00,33,1,9166,7651.0,7651.5,7650.0,7650.0,45,NQ.v.0
2019-06-18 16:24:00+00:00,33,1,9166,7649.75,7651.0,7648.75,7650.25,53,NQ.v.0
2019-06-18 16:25:00+00:00,33,1,9166,7650.25,7653.0,7650.25,7653.0,53,NQ.v.0
2019-06-18 16:26:00+00:00,33,1,9166,7653.0,7653.75,7652.25,7652.75,54,NQ.v.0
2019-06-18 16:27:00+00:00,33,1,9166,7653.25,7654.0,7648.75,7649.25,112,NQ.v.0
2019-06-18 16:28:00+00:00,33,1,9166,7649.5,7650.25,7646.5,7649.75,124,NQ.v.0
2019-06-18 16:29:00+00:00,33,1,9166,7649.75,7651.75,7649.25,7650.75,65,NQ.v.0
2019-06-18 16:30:00+00:00,33,1,9166,7650.25,7651.5,7649.75,7651.0,41,NQ.v.0
2019-06-18 16:31:00+00:00,33,1,9166,7651.75,7652.5,7650.0,7651.25,40,NQ.v.0
2019-06-18 16:32:00+00:00,33,1,9166,7651.25,7652.5,7650.5,7651.5,38,NQ.v.0
2019-06-18 16:33:00+00:00,33,1,9166,7651.0,7652.5,7649.75,7652.5,84,NQ.v.0
2019-06-18 16:34:00+00:00,33,1,9166,7652.0,7653.5,7649.25,7653.5,161,NQ.v.0
2019-06-18 16:35:00+00:00,33,1,9166,7653.75,7655.25,7651.0,7651.25,109,NQ.v.0
2019-06-18 16:36:00+00:00,33,1,9166,7651.5,7654.25,7651.5,7653.5,65,NQ.v.0
2019-06-18 16:37:00+00:00,33,1,9166,7653.0,7656.25,7652.25,7654.5,79,NQ.v.0
2019-06-18 16:38:00+00:00,33,1,9166,7654.0,7657.0,7653.25,7657.0,128,NQ.v.0
2019-06-18 16:39:00+00:00,33,1,9166,7657.25,7658.0,7656.25,7656.75,83,NQ.v.0
2019-06-18 16:40:00+00:00,33,1,9166,7657.0,7658.5,7655.75,7658.25,149,NQ.v.0
2019-06-18 16:41:00+00:00,33,1,9166,7658.25,7658.75,7655.0,7656.0,99,NQ.v.0
2019-06-18 16:42:00+00:00,33,1,9166,7655.5,7656.75,7654.5,7656.25,63,NQ.v.0
2019-06-18 16:43:00+00:00,33,1,9166,7656.5,7657.75,7653.5,7654.25,67,NQ.v.0
2019-06-18 16:44:00+00:00,33,1,9166,7654.75,7657.25,7654.75,7655.5,47,NQ.v.0
2019-06-18 16:45:00+00:00,33,1,9166,7654.5,7654.5,7649.0,7651.0,157,NQ.v.0
2019-06-18 16:46:00+00:00,33,1,9166,7651.0,7652.5,7649.25,7652.25,70,NQ.v.0
2019-06-18 16:47:00+00:00,33,1,9166,7651.75,7653.25,7650.0,7652.75,38,NQ.v.0
2019-06-18 16:48:00+00:00,33,1,9166,7651.75,7658.25,7651.75,7656.5,395,NQ.v.0
2019-06-18 16:49:00+00:00,33,1,9166,7656.5,7661.75,7656.5,7659.75,433,NQ.v.0
2019-06-18 16:50:00+00:00,33,1,9166,7660.0,7662.0,7657.75,7657.75,85,NQ.v.0
2019-06-18 16:51:00+00:00,33,1,9166,7657.25,7657.5,7654.0,7654.5,72,NQ.v.0
2019-06-18 16:52:00+00:00,33,1,9166,7655.0,7655.25,7653.25,7653.5,52,NQ.v.0
2019-06-18 16:53:00+00:00,33,1,9166,7653.75,7655.0,7653.25,7654.0,40,NQ.v.0
2019-06-18 16:54:00+00:00,33,1,9166,7654.5,7656.5,7652.0,7654.75,112,NQ.v.0
2019-06-18 16:55:00+00:00,33,1,9166,7654.75,7656.75,7653.75,7656.0,29,NQ.v.0
2019-06-18 16:56:00+00:00,33,1,9166,7656.25,7657.75,7655.5,7655.5,57,NQ.v.0
2019-06-18 16:57:00+00:00,33,1,9166,7655.5,7656.0,7654.0,7654.25,29,NQ.v.0
2019-06-18 16:58:00+00:00,33,1,9166,7654.0,7654.0,7651.5,7652.0,48,NQ.v.0
2019-06-18 16:59:00+00:00,33,1,9166,7652.5,7653.0,7651.5,7651.75,81,NQ.v.0
2019-06-18 17:00:00+00:00,33,1,9166,7652.0,7652.0,7645.25,7646.75,203,NQ.v.0
2019-06-18 17:01:00+00:00,33,1,9166,7646.75,7648.5,7643.0,7643.75,272,NQ.v.0
2019-06-18 17:02:00+00:00,33,1,9166,7644.0,7646.75,7644.0,7645.5,73,NQ.v.0
2019-06-18 17:03:00+00:00,33,1,9166,7645.75,7646.5,7644.25,7644.25,47,NQ.v.0
2019-06-18 17:04:00+00:00,33,1,9166,7645.0,7645.25,7639.0,7639.25,264,NQ.v.0
2019-06-18 17:05:00+00:00,33,1,9166,7639.0,7639.5,7631.5,7637.25,505,NQ.v.0
2019-06-18 17:06:00+00:00,33,1,9166,7637.5,7639.5,7637.0,7639.0,121,NQ.v.0
2019-06-18 17:07:00+00:00,33,1,9166,7639.5,7641.25,7639.25,7641.0,157,NQ.v.0
2019-06-18 17:08:00+00:00,33,1,9166,7641.25,7641.75,7639.5,7641.75,197,NQ.v.0
2019-06-18 17:09:00+00:00,33,1,9166,7641.25,7643.0,7640.75,7641.5,283,NQ.v.0
2019-06-18 17:10:00+00:00,33,1,9166,7641.0,7643.75,7640.0,7643.75,108,NQ.v.0
2019-06-18 17:11:00+00:00,33,1,9166,7644.0,7644.75,7643.25,7644.0,71,NQ.v.0
2019-06-18 17:12:00+00:00,33,1,9166,7644.0,7646.0,7643.75,7645.5,84,NQ.v.0
2019-06-18 17:13:00+00:00,33,1,9166,7646.0,7646.75,7645.25,7646.25,59,NQ.v.0
2019-06-18 17:14:00+00:00,33,1,9166,7646.25,7646.75,7644.0,7644.75,94,NQ.v.0
2019-06-18 17:15:00+00:00,33,1,9166,7645.0,7647.25,7644.75,7644.75,68,NQ.v.0
2019-06-18 17:16:00+00:00,33,1,9166,7645.0,7645.5,7643.5,7644.25,83,NQ.v.0
2019-06-18 17:17:00+00:00,33,1,9166,7644.25,7645.25,7642.0,7642.0,61,NQ.v.0
2019-06-18 17:18:00+00:00,33,1,9166,7642.0,7642.25,7639.0,7642.25,170,NQ.v.0
2019-06-18 17:19:00+00:00,33,1,9166,7642.25,7645.5,7642.25,7644.25,84,NQ.v.0
2019-06-18 17:20:00+00:00,33,1,9166,7644.0,7645.0,7643.25,7644.75,51,NQ.v.0
2019-06-18 17:21:00+00:00,33,1,9166,7644.5,7645.5,7641.25,7642.25,67,NQ.v.0
2019-06-18 17:22:00+00:00,33,1,9166,7642.5,7644.0,7640.75,7642.25,164,NQ.v.0
2019-06-18 17:23:00+00:00,33,1,9166,7641.75,7643.5,7641.0,7642.25,58,NQ.v.0
2019-06-18 17:24:00+00:00,33,1,9166,7642.25,7643.5,7641.25,7643.5,47,NQ.v.0
2019-06-18 17:25:00+00:00,33,1,9166,7643.25,7643.5,7640.75,7640.75,34,NQ.v.0
2019-06-18 17:26:00+00:00,33,1,9166,7640.5,7642.75,7639.75,7641.75,81,NQ.v.0
2019-06-18 17:27:00+00:00,33,1,9166,7641.5,7642.75,7641.25,7642.0,70,NQ.v.0
2019-06-18 17:28:00+00:00,33,1,9166,7642.25,7642.25,7639.25,7641.5,68,NQ.v.0
2019-06-18 17:29:00+00:00,33,1,9166,7641.75,7642.0,7639.0,7639.0,42,NQ.v.0
2019-06-18 17:30:00+00:00,33,1,9166,7639.0,7643.75,7638.0,7643.5,201,NQ.v.0
2019-06-18 17:31:00+00:00,33,1,9166,7642.75,7643.25,7641.75,7642.25,57,NQ.v.0
2019-06-18 17:32:00+00:00,33,1,9166,7641.75,7647.5,7641.75,7647.0,108,NQ.v.0
2019-06-18 17:33:00+00:00,33,1,9166,7647.0,7647.75,7644.25,7644.5,170,NQ.v.0
2019-06-18 17:34:00+00:00,33,1,9166,7645.0,7645.0,7640.75,7644.0,93,NQ.v.0
2019-06-18 17:35:00+00:00,33,1,9166,7643.25,7645.5,7643.25,7645.25,18,NQ.v.0
2019-06-18 17:36:00+00:00,33,1,9166,7645.0,7647.75,7645.0,7646.75,53,NQ.v.0
2019-06-18 17:37:00+00:00,33,1,9166,7647.25,7647.25,7646.0,7646.5,35,NQ.v.0
2019-06-18 17:38:00+00:00,33,1,9166,7646.0,7648.0,7644.5,7645.25,64,NQ.v.0
2019-06-18 17:39:00+00:00,33,1,9166,7646.0,7647.25,7643.5,7643.75,101,NQ.v.0
2019-06-18 17:40:00+00:00,33,1,9166,7644.25,7644.25,7641.5,7643.0,56,NQ.v.0
2019-06-18 17:41:00+00:00,33,1,9166,7643.25,7644.75,7643.25,7644.0,17,NQ.v.0
2019-06-18 17:42:00+00:00,33,1,9166,7643.75,7644.0,7638.75,7641.0,124,NQ.v.0
2019-06-18 17:43:00+00:00,33,1,9166,7641.75,7642.25,7640.5,7642.25,31,NQ.v.0
2019-06-18 17:44:00+00:00,33,1,9166,7642.75,7644.75,7642.75,7644.5,74,NQ.v.0
2019-06-18 17:45:00+00:00,33,1,9166,7644.0,7646.75,7643.0,7645.5,87,NQ.v.0
2019-06-18 17:46:00+00:00,33,1,9166,7645.5,7646.25,7644.75,7646.25,41,NQ.v.0
2019-06-18 17:47:00+00:00,33,1,9166,7645.5,7645.75,7643.0,7643.5,50,NQ.v.0
2019-06-18 17:48:00+00:00,33,1,9166,7643.25,7643.5,7641.0,7643.25,59,NQ.v.0
2019-06-18 17:49:00+00:00,33,1,9166,7643.0,7644.0,7643.0,7644.0,11,NQ.v.0
2019-06-18 17:50:00+00:00,33,1,9166,7644.25,7646.75,7644.25,7645.5,49,NQ.v.0
2019-06-18 17:51:00+00:00,33,1,9166,7646.0,7647.5,7645.0,7646.75,57,NQ.v.0
2019-06-18 17:52:00+00:00,33,1,9166,7646.25,7647.0,7645.25,7647.0,40,NQ.v.0
2019-06-18 17:53:00+00:00,33,1,9166,7646.75,7647.75,7645.5,7647.25,77,NQ.v.0
2019-06-18 17:54:00+00:00,33,1,9166,7647.0,7649.0,7647.0,7649.0,57,NQ.v.0
2019-06-18 17:55:00+00:00,33,1,9166,7649.25,7649.75,7646.5,7648.25,91,NQ.v.0
2019-06-18 17:56:00+00:00,33,1,9166,7648.25,7649.75,7648.25,7649.75,33,NQ.v.0
2019-06-18 17:57:00+00:00,33,1,9166,7649.5,7651.25,7649.0,7650.25,75,NQ.v.0
2019-06-18 17:58:00+00:00,33,1,9166,7650.0,7650.5,7648.75,7649.0,46,NQ.v.0
2019-06-18 17:59:00+00:00,33,1,9166,7649.75,7650.75,7649.75,7650.0,23,NQ.v.0
2019-06-18 18:00:00+00:00,33,1,9166,7650.25,7653.5,7650.25,7653.5,192,NQ.v.0
2019-06-18 18:01:00+00:00,33,1,9166,7652.5,7656.25,7652.5,7655.5,140,NQ.v.0
2019-06-18 18:02:00+00:00,33,1,9166,7656.0,7658.75,7656.0,7658.25,98,NQ.v.0
2019-06-18 18:03:00+00:00,33,1,9166,7658.0,7658.75,7655.25,7656.0,104,NQ.v.0
2019-06-18 18:04:00+00:00,33,1,9166,7655.5,7656.0,7653.0,7654.25,95,NQ.v.0
2019-06-18 18:05:00+00:00,33,1,9166,7654.5,7655.0,7650.75,7652.0,133,NQ.v.0
2019-06-18 18:06:00+00:00,33,1,9166,7651.0,7653.75,7650.25,7653.0,44,NQ.v.0
2019-06-18 18:07:00+00:00,33,1,9166,7653.25,7653.5,7651.5,7652.75,39,NQ.v.0
2019-06-18 18:08:00+00:00,33,1,9166,7652.75,7654.0,7652.0,7652.75,33,NQ.v.0
2019-06-18 18:09:00+00:00,33,1,9166,7653.25,7654.5,7653.25,7654.5,18,NQ.v.0
2019-06-18 18:10:00+00:00,33,1,9166,7654.5,7656.25,7651.25,7655.5,185,NQ.v.0
2019-06-18 18:11:00+00:00,33,1,9166,7654.75,7656.5,7654.75,7655.75,25,NQ.v.0
2019-06-18 18:12:00+00:00,33,1,9166,7655.75,7656.5,7654.75,7654.75,22,NQ.v.0
2019-06-18 18:13:00+00:00,33,1,9166,7655.75,7657.0,7654.0,7656.75,66,NQ.v.0
2019-06-18 18:14:00+00:00,33,1,9166,7656.25,7657.5,7655.5,7656.5,44,NQ.v.0
2019-06-18 18:15:00+00:00,33,1,9166,7657.0,7657.0,7655.5,7656.25,42,NQ.v.0
2019-06-18 18:16:00+00:00,33,1,9166,7656.0,7656.5,7655.25,7656.0,38,NQ.v.0
2019-06-18 18:17:00+00:00,33,1,9166,7655.5,7656.0,7654.5,7655.5,22,NQ.v.0
2019-06-18 18:18:00+00:00,33,1,9166,7655.75,7655.75,7653.25,7654.0,16,NQ.v.0
2019-06-18 18:19:00+00:00,33,1,9166,7654.0,7655.75,7653.25,7654.0,23,NQ.v.0
2019-06-18 18:20:00+00:00,33,1,9166,7654.25,7655.25,7653.75,7654.25,41,NQ.v.0
2019-06-18 18:21:00+00:00,33,1,9166,7654.0,7655.5,7654.0,7655.5,30,NQ.v.0
2019-06-18 18:22:00+00:00,33,1,9166,7655.25,7658.25,7654.75,7657.75,56,NQ.v.0
2019-06-18 18:23:00+00:00,33,1,9166,7658.5,7660.75,7657.25,7659.5,220,NQ.v.0
2019-06-18 18:24:00+00:00,33,1,9166,7659.5,7659.75,7657.75,7659.0,54,NQ.v.0
2019-06-18 18:25:00+00:00,33,1,9166,7659.0,7660.0,7657.75,7658.5,40,NQ.v.0
2019-06-18 18:26:00+00:00,33,1,9166,7658.0,7658.5,7658.0,7658.5,16,NQ.v.0
2019-06-18 18:27:00+00:00,33,1,9166,7657.5,7657.5,7656.5,7656.75,35,NQ.v.0
2019-06-18 18:28:00+00:00,33,1,9166,7657.75,7660.75,7657.5,7660.5,130,NQ.v.0
2019-06-18 18:29:00+00:00,33,1,9166,7660.0,7660.25,7658.0,7658.75,73,NQ.v.0
2019-06-18 18:30:00+00:00,33,1,9166,7658.25,7658.75,7656.0,7657.0,50,NQ.v.0
2019-06-18 18:31:00+00:00,33,1,9166,7656.5,7658.5,7656.5,7657.75,27,NQ.v.0
2019-06-18 18:32:00+00:00,33,1,9166,7658.0,7661.25,7658.0,7660.0,73,NQ.v.0
2019-06-18 18:33:00+00:00,33,1,9166,7660.5,7660.75,7659.75,7660.0,32,NQ.v.0
2019-06-18 18:34:00+00:00,33,1,9166,7660.0,7661.75,7660.0,7661.0,50,NQ.v.0
2019-06-18 18:35:00+00:00,33,1,9166,7661.25,7662.25,7657.0,7657.5,98,NQ.v.0
2019-06-18 18:36:00+00:00,33,1,9166,7657.5,7658.0,7656.25,7657.5,58,NQ.v.0
2019-06-18 18:37:00+00:00,33,1,9166,7657.5,7657.5,7655.75,7657.5,42,NQ.v.0
2019-06-18 18:38:00+00:00,33,1,9166,7657.5,7658.0,7656.25,7658.0,34,NQ.v.0
2019-06-18 18:39:00+00:00,33,1,9166,7657.25,7658.25,7657.25,7658.25,30,NQ.v.0
2019-06-18 18:40:00+00:00,33,1,9166,7658.75,7658.75,7656.0,7656.75,70,NQ.v.0
2019-06-18 18:41:00+00:00,33,1,9166,7657.25,7658.0,7654.75,7655.5,99,NQ.v.0
2019-06-18 18:42:00+00:00,33,1,9166,7656.0,7657.5,7653.0,7655.5,151,NQ.v.0
2019-06-18 18:43:00+00:00,33,1,9166,7654.75,7657.25,7654.25,7655.0,51,NQ.v.0
2019-06-18 18:44:00+00:00,33,1,9166,7654.25,7655.5,7654.0,7654.5,37,NQ.v.0
2019-06-18 18:45:00+00:00,33,1,9166,7654.75,7654.75,7651.5,7651.75,57,NQ.v.0
2019-06-18 18:46:00+00:00,33,1,9166,7652.25,7653.25,7651.5,7652.25,121,NQ.v.0
2019-06-18 18:47:00+00:00,33,1,9166,7652.25,7654.25,7652.25,7653.5,113,NQ.v.0
2019-06-18 18:48:00+00:00,33,1,9166,7653.5,7654.75,7653.0,7654.25,66,NQ.v.0
2019-06-18 18:49:00+00:00,33,1,9166,7653.75,7653.75,7652.25,7653.0,46,NQ.v.0
2019-06-18 18:50:00+00:00,33,1,9166,7653.5,7653.75,7651.5,7652.0,63,NQ.v.0
2019-06-18 18:51:00+00:00,33,1,9166,7652.25,7652.25,7648.75,7650.75,135,NQ.v.0
2019-06-18 18:52:00+00:00,33,1,9166,7650.75,7651.5,7649.25,7649.25,45,NQ.v.0
2019-06-18 18:53:00+00:00,33,1,9166,7649.5,7651.5,7649.5,7651.25,51,NQ.v.0
2019-06-18 18:54:00+00:00,33,1,9166,7650.75,7650.75,7649.25,7650.0,22,NQ.v.0
2019-06-18 18:55:00+00:00,33,1,9166,7649.5,7652.0,7648.75,7651.5,74,NQ.v.0
2019-06-18 18:56:00+00:00,33,1,9166,7652.0,7653.25,7651.25,7651.5,56,NQ.v.0
2019-06-18 18:57:00+00:00,33,1,9166,7651.25,7652.25,7650.0,7650.75,47,NQ.v.0
2019-06-18 18:58:00+00:00,33,1,9166,7650.75,7651.25,7650.0,7650.0,9,NQ.v.0
2019-06-18 18:59:00+00:00,33,1,9166,7650.25,7651.0,7650.0,7651.0,15,NQ.v.0
2019-06-18 19:00:00+00:00,33,1,9166,7650.75,7651.25,7646.5,7646.75,115,NQ.v.0
2019-06-18 19:01:00+00:00,33,1,9166,7647.25,7651.5,7646.5,7650.75,106,NQ.v.0
2019-06-18 19:02:00+00:00,33,1,9166,7651.5,7655.25,7651.25,7654.0,142,NQ.v.0
2019-06-18 19:03:00+00:00,33,1,9166,7654.5,7654.5,7653.0,7653.25,33,NQ.v.0
2019-06-18 19:04:00+00:00,33,1,9166,7653.5,7653.5,7651.5,7652.0,25,NQ.v.0
2019-06-18 19:05:00+00:00,33,1,9166,7652.0,7652.0,7650.75,7651.5,23,NQ.v.0
2019-06-18 19:06:00+00:00,33,1,9166,7651.5,7651.75,7650.75,7651.0,24,NQ.v.0
2019-06-18 19:07:00+00:00,33,1,9166,7651.25,7652.25,7650.25,7651.75,49,NQ.v.0
2019-06-18 19:08:00+00:00,33,1,9166,7651.5,7651.75,7648.0,7648.25,53,NQ.v.0
2019-06-18 19:09:00+00:00,33,1,9166,7648.25,7649.5,7646.75,7648.75,69,NQ.v.0
2019-06-18 19:10:00+00:00,33,1,9166,7648.75,7651.25,7648.75,7650.5,47,NQ.v.0
2019-06-18 19:11:00+00:00,33,1,9166,7650.75,7651.5,7649.25,7650.5,25,NQ.v.0
2019-06-18 19:12:00+00:00,33,1,9166,7650.5,7651.25,7649.75,7650.25,49,NQ.v.0
2019-06-18 19:13:00+00:00,33,1,9166,7650.75,7650.75,7647.75,7648.5,49,NQ.v.0
2019-06-18 19:14:00+00:00,33,1,9166,7648.5,7648.5,7646.25,7647.0,60,NQ.v.0
2019-06-18 19:15:00+00:00,33,1,9166,7647.25,7647.25,7643.25,7644.5,181,NQ.v.0
2019-06-18 19:16:00+00:00,33,1,9166,7644.75,7645.25,7642.75,7643.0,56,NQ.v.0
2019-06-18 19:17:00+00:00,33,1,9166,7643.25,7647.0,7643.25,7646.5,54,NQ.v.0
2019-06-18 19:18:00+00:00,33,1,9166,7647.0,7648.25,7646.5,7647.5,41,NQ.v.0
2019-06-18 19:19:00+00:00,33,1,9166,7648.25,7650.0,7647.5,7649.5,62,NQ.v.0
2019-06-18 19:20:00+00:00,33,1,9166,7648.75,7650.25,7648.0,7650.0,39,NQ.v.0
2019-06-18 19:21:00+00:00,33,1,9166,7650.25,7650.25,7646.75,7646.75,71,NQ.v.0
2019-06-18 19:22:00+00:00,33,1,9166,7647.0,7649.0,7647.0,7648.25,65,NQ.v.0
2019-06-18 19:23:00+00:00,33,1,9166,7648.0,7649.25,7647.0,7647.5,37,NQ.v.0
2019-06-18 19:24:00+00:00,33,1,9166,7647.0,7649.25,7647.0,7648.25,37,NQ.v.0
2019-06-18 19:25:00+00:00,33,1,9166,7648.25,7650.25,7645.75,7650.0,75,NQ.v.0
2019-06-18 19:26:00+00:00,33,1,9166,7650.25,7650.75,7648.0,7650.5,109,NQ.v.0
2019-06-18 19:27:00+00:00,33,1,9166,7649.0,7649.5,7647.25,7648.75,77,NQ.v.0
2019-06-18 19:28:00+00:00,33,1,9166,7648.75,7651.25,7648.0,7650.5,31,NQ.v.0
2019-06-18 19:29:00+00:00,33,1,9166,7650.5,7650.5,7648.75,7649.25,57,NQ.v.0
2019-06-18 19:30:00+00:00,33,1,9166,7649.75,7651.5,7645.5,7646.75,186,NQ.v.0
2019-06-18 19:31:00+00:00,33,1,9166,7646.25,7646.25,7641.25,7642.0,250,NQ.v.0
2019-06-18 19:32:00+00:00,33,1,9166,7643.0,7646.0,7640.25,7642.0,245,NQ.v.0
2019-06-18 19:33:00+00:00,33,1,9166,7642.0,7644.75,7641.75,7642.5,143,NQ.v.0
2019-06-18 19:34:00+00:00,33,1,9166,7641.5,7644.0,7641.5,7642.75,86,NQ.v.0
2019-06-18 19:35:00+00:00,33,1,9166,7642.75,7644.0,7642.5,7643.75,72,NQ.v.0
2019-06-18 19:36:00+00:00,33,1,9166,7643.75,7647.0,7643.75,7647.0,86,NQ.v.0
2019-06-18 19:37:00+00:00,33,1,9166,7646.0,7647.25,7644.75,7645.75,62,NQ.v.0
2019-06-18 19:38:00+00:00,33,1,9166,7646.0,7646.25,7641.0,7641.25,94,NQ.v.0
2019-06-18 19:39:00+00:00,33,1,9166,7641.5,7642.25,7639.75,7640.0,65,NQ.v.0
2019-06-18 19:40:00+00:00,33,1,9166,7640.5,7640.75,7637.0,7640.75,182,NQ.v.0
2019-06-18 19:41:00+00:00,33,1,9166,7641.0,7645.0,7640.0,7645.0,120,NQ.v.0
2019-06-18 19:42:00+00:00,33,1,9166,7644.5,7646.0,7643.75,7644.75,88,NQ.v.0
2019-06-18 19:43:00+00:00,33,1,9166,7645.0,7645.5,7642.25,7643.0,60,NQ.v.0
2019-06-18 19:44:00+00:00,33,1,9166,7644.0,7647.0,7644.0,7646.0,94,NQ.v.0
2019-06-18 19:45:00+00:00,33,1,9166,7645.75,7648.25,7642.5,7644.5,226,NQ.v.0
2019-06-18 19:46:00+00:00,33,1,9166,7645.5,7647.5,7644.25,7647.5,89,NQ.v.0
2019-06-18 19:47:00+00:00,33,1,9166,7647.0,7648.0,7646.0,7646.75,91,NQ.v.0
2019-06-18 19:48:00+00:00,33,1,9166,7646.25,7646.75,7644.0,7644.5,114,NQ.v.0
2019-06-18 19:49:00+00:00,33,1,9166,7644.0,7645.0,7641.5,7643.25,143,NQ.v.0
2019-06-18 19:50:00+00:00,33,1,9166,7643.5,7646.75,7640.75,7641.25,232,NQ.v.0
2019-06-18 19:51:00+00:00,33,1,9166,7641.25,7641.75,7635.5,7637.25,303,NQ.v.0
2019-06-18 19:52:00+00:00,33,1,9166,7637.5,7641.25,7637.5,7641.25,174,NQ.v.0
2019-06-18 19:53:00+00:00,33,1,9166,7641.25,7642.75,7641.0,7642.5,159,NQ.v.0
2019-06-18 19:54:00+00:00,33,1,9166,7642.75,7644.25,7637.5,7637.75,303,NQ.v.0
2019-06-18 19:55:00+00:00,33,1,9166,7638.25,7639.0,7630.0,7635.0,702,NQ.v.0
2019-06-18 19:56:00+00:00,33,1,9166,7634.75,7637.75,7634.25,7634.75,218,NQ.v.0
2019-06-18 19:57:00+00:00,33,1,9166,7635.0,7635.5,7633.25,7634.25,273,NQ.v.0
2019-06-18 19:58:00+00:00,33,1,9166,7634.25,7639.5,7633.75,7638.0,358,NQ.v.0
2019-06-18 19:59:00+00:00,33,1,9166,7638.0,7639.75,7634.0,7638.75,806,NQ.v.0
2019-06-18 20:00:00+00:00,33,1,9166,7638.75,7640.5,7637.25,7638.0,377,NQ.v.0
2019-06-18 20:01:00+00:00,33,1,9166,7638.0,7640.75,7637.75,7639.75,362,NQ.v.0
2019-06-18 20:02:00+00:00,33,1,9166,7639.5,7642.0,7639.5,7641.75,87,NQ.v.0
2019-06-18 20:03:00+00:00,33,1,9166,7641.5,7642.0,7640.25,7641.0,141,NQ.v.0
2019-06-18 20:04:00+00:00,33,1,9166,7640.5,7641.5,7640.25,7640.25,64,NQ.v.0
2019-06-18 20:05:00+00:00,33,1,9166,7640.5,7640.5,7639.0,7639.5,116,NQ.v.0
2019-06-18 20:06:00+00:00,33,1,9166,7639.25,7639.75,7638.0,7638.25,79,NQ.v.0
2019-06-18 20:07:00+00:00,33,1,9166,7638.0,7639.0,7637.25,7639.0,62,NQ.v.0
2019-06-18 20:08:00+00:00,33,1,9166,7639.0,7640.25,7637.0,7637.75,77,NQ.v.0
2019-06-18 20:09:00+00:00,33,1,9166,7637.25,7639.0,7635.75,7639.0,93,NQ.v.0
2019-06-18 20:10:00+00:00,33,1,9166,7638.5,7641.25,7638.5,7640.5,98,NQ.v.0
2019-06-18 20:11:00+00:00,33,1,9166,7640.75,7642.75,7640.0,7642.5,44,NQ.v.0
2019-06-18 20:12:00+00:00,33,1,9166,7642.5,7642.75,7641.75,7642.0,20,NQ.v.0
2019-06-18 20:13:00+00:00,33,1,9166,7642.75,7644.25,7642.25,7642.25,74,NQ.v.0
2019-06-18 20:14:00+00:00,33,1,9166,7642.25,7647.75,7641.5,7647.25,190,NQ.v.0
2019-06-18 20:30:00+00:00,33,1,9166,7647.75,7650.25,7647.75,7649.0,51,NQ.v.0
2019-06-18 20:31:00+00:00,33,1,9166,7648.75,7649.75,7648.75,7649.75,9,NQ.v.0
2019-06-18 20:32:00+00:00,33,1,9166,7649.5,7649.75,7649.0,7649.0,4,NQ.v.0
2019-06-18 20:33:00+00:00,33,1,9166,7649.75,7650.0,7649.25,7650.0,9,NQ.v.0
2019-06-18 20:34:00+00:00,33,1,9166,7649.75,7650.25,7649.75,7650.25,5,NQ.v.0
2019-06-18 20:35:00+00:00,33,1,9166,7650.0,7650.5,7649.75,7650.5,8,NQ.v.0
2019-06-18 20:36:00+00:00,33,1,9166,7650.0,7650.25,7649.25,7650.0,22,NQ.v.0
2019-06-18 20:37:00+00:00,33,1,9166,7650.5,7651.25,7650.5,7650.5,15,NQ.v.0
2019-06-18 20:38:00+00:00,33,1,9166,7650.25,7650.5,7650.0,7650.5,4,NQ.v.0
2019-06-18 20:39:00+00:00,33,1,9166,7650.25,7650.25,7649.75,7649.75,2,NQ.v.0
2019-06-18 20:40:00+00:00,33,1,9166,7649.5,7650.5,7649.5,7650.5,6,NQ.v.0
2019-06-18 20:41:00+00:00,33,1,9166,7649.75,7651.0,7649.75,7651.0,8,NQ.v.0
2019-06-18 20:43:00+00:00,33,1,9166,7650.5,7650.75,7650.0,7650.0,8,NQ.v.0
2019-06-18 20:44:00+00:00,33,1,9166,7649.75,7650.0,7649.75,7650.0,6,NQ.v.0
2019-06-18 20:45:00+00:00,33,1,9166,7650.25,7650.5,7649.5,7650.0,13,NQ.v.0
2019-06-18 20:46:00+00:00,33,1,9166,7650.0,7650.0,7650.0,7650.0,4,NQ.v.0
2019-06-18 20:47:00+00:00,33,1,9166,7650.5,7650.5,7649.25,7649.25,12,NQ.v.0
2019-06-18 20:48:00+00:00,33,1,9166,7649.5,7649.5,7649.5,7649.5,5,NQ.v.0
2019-06-18 20:49:00+00:00,33,1,9166,7649.75,7650.25,7648.25,7648.25,28,NQ.v.0
2019-06-18 20:50:00+00:00,33,1,9166,7648.5,7649.25,7648.0,7649.0,20,NQ.v.0
2019-06-18 20:51:00+00:00,33,1,9166,7649.25,7649.5,7648.0,7648.0,10,NQ.v.0
2019-06-18 20:52:00+00:00,33,1,9166,7648.25,7648.25,7648.0,7648.0,2,NQ.v.0
2019-06-18 20:53:00+00:00,33,1,9166,7647.75,7648.0,7647.5,7647.75,4,NQ.v.0
2019-06-18 20:54:00+00:00,33,1,9166,7647.75,7648.0,7647.5,7647.75,5,NQ.v.0
2019-06-18 20:55:00+00:00,33,1,9166,7648.0,7648.25,7647.0,7647.5,19,NQ.v.0
2019-06-18 20:56:00+00:00,33,1,9166,7647.75,7647.75,7646.75,7646.75,10,NQ.v.0
2019-06-18 20:57:00+00:00,33,1,9166,7647.0,7648.0,7647.0,7648.0,5,NQ.v.0
2019-06-18 20:58:00+00:00,33,1,9166,7648.5,7649.25,7648.25,7649.0,13,NQ.v.0
2019-06-18 20:59:00+00:00,33,1,9166,7649.0,7649.25,7643.0,7643.5,59,NQ.v.0
2019-06-18 22:00:00+00:00,33,1,9166,7641.0,7647.25,7641.0,7641.25,47,NQ.v.0
2019-06-18 22:01:00+00:00,33,1,9166,7642.25,7642.25,7642.25,7642.25,4,NQ.v.0
2019-06-18 22:02:00+00:00,33,1,9166,7643.75,7643.75,7641.75,7642.0,12,NQ.v.0
2019-06-18 22:03:00+00:00,33,1,9166,7641.75,7641.75,7641.75,7641.75,1,NQ.v.0
2019-06-18 22:04:00+00:00,33,1,9166,7641.75,7641.75,7641.75,7641.75,2,NQ.v.0
2019-06-18 22:05:00+00:00,33,1,9166,7642.75,7646.25,7642.25,7642.25,25,NQ.v.0
2019-06-18 22:06:00+00:00,33,1,9166,7642.0,7643.75,7641.75,7641.75,11,NQ.v.0
2019-06-18 22:07:00+00:00,33,1,9166,7642.0,7643.5,7641.75,7643.5,5,NQ.v.0
2019-06-18 22:08:00+00:00,33,1,9166,7643.5,7645.0,7643.5,7644.5,9,NQ.v.0
2019-06-18 22:09:00+00:00,33,1,9166,7645.25,7645.25,7643.75,7644.0,6,NQ.v.0
2019-06-18 22:10:00+00:00,33,1,9166,7644.0,7645.5,7643.75,7645.5,7,NQ.v.0
2019-06-18 22:11:00+00:00,33,1,9166,7644.75,7646.25,7644.75,7646.25,8,NQ.v.0
2019-06-18 22:13:00+00:00,33,1,9166,7645.75,7645.75,7645.25,7645.25,2,NQ.v.0
2019-06-18 22:14:00+00:00,33,1,9166,7645.75,7645.75,7645.75,7645.75,1,NQ.v.0
2019-06-18 22:15:00+00:00,33,1,9166,7646.0,7646.0,7645.75,7645.75,2,NQ.v.0
2019-06-18 22:16:00+00:00,33,1,9166,7646.25,7646.75,7644.0,7645.0,26,NQ.v.0
2019-06-18 22:17:00+00:00,33,1,9166,7645.0,7645.0,7644.5,7644.5,2,NQ.v.0
2019-06-18 22:18:00+00:00,33,1,9166,7644.75,7645.0,7644.25,7645.0,6,NQ.v.0
2019-06-18 22:19:00+00:00,33,1,9166,7645.5,7646.25,7645.5,7646.25,15,NQ.v.0
2019-06-18 22:20:00+00:00,33,1,9166,7646.75,7648.0,7646.75,7647.5,12,NQ.v.0
2019-06-18 22:21:00+00:00,33,1,9166,7646.0,7646.0,7646.0,7646.0,3,NQ.v.0
2019-06-18 22:25:00+00:00,33,1,9166,7646.25,7646.25,7645.5,7645.5,2,NQ.v.0
2019-06-18 22:26:00+00:00,33,1,9166,7645.5,7645.5,7645.5,7645.5,1,NQ.v.0
2019-06-18 22:27:00+00:00,33,1,9166,7645.75,7645.75,7645.75,7645.75,1,NQ.v.0
2019-06-18 22:28:00+00:00,33,1,9166,7646.0,7646.75,7646.0,7646.75,2,NQ.v.0
2019-06-18 22:29:00+00:00,33,1,9166,7646.75,7647.75,7646.75,7647.5,7,NQ.v.0
2019-06-18 22:30:00+00:00,33,1,9166,7647.75,7647.75,7647.5,7647.75,11,NQ.v.0
2019-06-18 22:31:00+00:00,33,1,9166,7648.0,7649.0,7648.0,7648.0,18,NQ.v.0
2019-06-18 22:32:00+00:00,33,1,9166,7647.5,7647.5,7647.5,7647.5,3,NQ.v.0
2019-06-18 22:33:00+00:00,33,1,9166,7649.0,7649.25,7648.75,7648.75,4,NQ.v.0
2019-06-18 22:34:00+00:00,33,1,9166,7648.5,7648.5,7648.5,7648.5,1,NQ.v.0
2019-06-18 22:36:00+00:00,33,1,9166,7646.75,7647.0,7646.25,7646.25,4,NQ.v.0
2019-06-18 22:37:00+00:00,33,1,9166,7646.0,7646.0,7646.0,7646.0,7,NQ.v.0
2019-06-18 22:38:00+00:00,33,1,9166,7646.25,7647.25,7646.25,7647.25,8,NQ.v.0
2019-06-18 22:39:00+00:00,33,1,9166,7647.25,7647.25,7647.25,7647.25,4,NQ.v.0
2019-06-18 22:41:00+00:00,33,1,9166,7647.25,7647.25,7647.25,7647.25,2,NQ.v.0
2019-06-18 22:42:00+00:00,33,1,9166,7648.75,7648.75,7648.25,7648.25,8,NQ.v.0
2019-06-18 22:43:00+00:00,33,1,9166,7648.25,7648.25,7647.75,7648.25,9,NQ.v.0
2019-06-18 22:44:00+00:00,33,1,9166,7648.25,7649.75,7648.25,7649.75,9,NQ.v.0
2019-06-18 22:45:00+00:00,33,1,9166,7649.75,7651.75,7649.0,7651.0,32,NQ.v.0
2019-06-18 22:46:00+00:00,33,1,9166,7650.5,7650.5,7649.5,7649.75,12,NQ.v.0
2019-06-18 22:47:00+00:00,33,1,9166,7650.0,7650.75,7650.0,7650.5,13,NQ.v.0
2019-06-18 22:48:00+00:00,33,1,9166,7650.5,7650.5,7650.5,7650.5,1,NQ.v.0
2019-06-18 22:49:00+00:00,33,1,9166,7650.5,7652.5,7650.5,7651.25,54,NQ.v.0
2019-06-18 22:50:00+00:00,33,1,9166,7650.75,7652.0,7650.75,7651.25,15,NQ.v.0
2019-06-18 22:51:00+00:00,33,1,9166,7650.5,7650.5,7650.25,7650.25,11,NQ.v.0
2019-06-18 22:52:00+00:00,33,1,9166,7651.0,7651.0,7650.75,7651.0,3,NQ.v.0
2019-06-18 22:53:00+00:00,33,1,9166,7650.25,7650.5,7650.25,7650.25,4,NQ.v.0
2019-06-18 22:54:00+00:00,33,1,9166,7650.0,7650.25,7648.75,7648.75,10,NQ.v.0
2019-06-18 22:55:00+00:00,33,1,9166,7648.75,7649.5,7648.75,7649.25,5,NQ.v.0
2019-06-18 22:56:00+00:00,33,1,9166,7649.25,7649.25,7649.0,7649.0,2,NQ.v.0
2019-06-18 22:57:00+00:00,33,1,9166,7648.75,7649.25,7648.0,7649.25,10,NQ.v.0
2019-06-18 22:58:00+00:00,33,1,9166,7649.5,7649.75,7649.25,7649.75,7,NQ.v.0
2019-06-18 22:59:00+00:00,33,1,9166,7649.75,7649.75,7649.75,7649.75,3,NQ.v.0
2019-06-18 23:01:00+00:00,33,1,9166,7649.25,7649.75,7649.25,7649.75,4,NQ.v.0
2019-06-18 23:02:00+00:00,33,1,9166,7650.5,7650.75,7650.5,7650.75,2,NQ.v.0
2019-06-18 23:03:00+00:00,33,1,9166,7650.5,7650.75,7650.5,7650.75,4,NQ.v.0
2019-06-18 23:04:00+00:00,33,1,9166,7650.0,7650.25,7649.75,7650.25,3,NQ.v.0
2019-06-18 23:05:00+00:00,33,1,9166,7650.0,7650.0,7650.0,7650.0,1,NQ.v.0
2019-06-18 23:06:00+00:00,33,1,9166,7650.25,7650.25,7649.75,7650.0,6,NQ.v.0
2019-06-18 23:08:00+00:00,33,1,9166,7650.0,7650.0,7650.0,7650.0,1,NQ.v.0
2019-06-18 23:09:00+00:00,33,1,9166,7649.5,7649.75,7649.25,7649.75,5,NQ.v.0
2019-06-18 23:10:00+00:00,33,1,9166,7649.5,7650.75,7649.5,7650.75,6,NQ.v.0
2019-06-18 23:11:00+00:00,33,1,9166,7650.75,7650.75,7650.25,7650.25,3,NQ.v.0
2019-06-18 23:12:00+00:00,33,1,9166,7649.75,7649.75,7649.25,7649.25,2,NQ.v.0
2019-06-18 23:13:00+00:00,33,1,9166,7650.25,7650.5,7650.25,7650.5,4,NQ.v.0
2019-06-18 23:14:00+00:00,33,1,9166,7650.25,7650.25,7650.25,7650.25,1,NQ.v.0
2019-06-18 23:16:00+00:00,33,1,9166,7650.0,7651.0,7649.75,7651.0,6,NQ.v.0
2019-06-18 23:17:00+00:00,33,1,9166,7650.75,7650.75,7650.5,7650.5,2,NQ.v.0
2019-06-18 23:18:00+00:00,33,1,9166,7650.5,7650.5,7650.25,7650.5,6,NQ.v.0
2019-06-18 23:21:00+00:00,33,1,9166,7652.25,7654.0,7652.25,7654.0,19,NQ.v.0
2019-06-18 23:22:00+00:00,33,1,9166,7653.25,7654.75,7653.25,7654.25,21,NQ.v.0
2019-06-18 23:23:00+00:00,33,1,9166,7654.5,7654.5,7654.5,7654.5,2,NQ.v.0
2019-06-18 23:24:00+00:00,33,1,9166,7654.0,7654.0,7654.0,7654.0,2,NQ.v.0
2019-06-18 23:25:00+00:00,33,1,9166,7654.25,7654.5,7654.25,7654.25,5,NQ.v.0
2019-06-18 23:26:00+00:00,33,1,9166,7654.5,7654.75,7653.25,7653.25,12,NQ.v.0
2019-06-18 23:27:00+00:00,33,1,9166,7653.25,7653.5,7652.25,7653.0,11,NQ.v.0
2019-06-18 23:28:00+00:00,33,1,9166,7653.5,7653.5,7653.5,7653.5,1,NQ.v.0
2019-06-18 23:29:00+00:00,33,1,9166,7653.25,7653.25,7653.25,7653.25,1,NQ.v.0
2019-06-18 23:30:00+00:00,33,1,9166,7653.5,7653.5,7652.0,7652.0,8,NQ.v.0
2019-06-18 23:31:00+00:00,33,1,9166,7652.25,7652.25,7652.0,7652.0,2,NQ.v.0
2019-06-18 23:32:00+00:00,33,1,9166,7652.5,7653.0,7652.5,7652.75,12,NQ.v.0
2019-06-18 23:33:00+00:00,33,1,9166,7652.75,7652.75,7652.75,7652.75,1,NQ.v.0
2019-06-18 23:34:00+00:00,33,1,9166,7652.5,7653.25,7652.5,7653.25,3,NQ.v.0
2019-06-18 23:35:00+00:00,33,1,9166,7653.0,7653.25,7653.0,7653.25,4,NQ.v.0
2019-06-18 23:36:00+00:00,33,1,9166,7653.75,7653.75,7653.25,7653.25,2,NQ.v.0
2019-06-18 23:37:00+00:00,33,1,9166,7653.75,7655.5,7653.75,7655.5,6,NQ.v.0
2019-06-18 23:38:00+00:00,33,1,9166,7655.75,7656.5,7655.75,7655.75,14,NQ.v.0
2019-06-18 23:39:00+00:00,33,1,9166,7655.0,7655.25,7654.75,7655.25,10,NQ.v.0
2019-06-18 23:40:00+00:00,33,1,9166,7655.5,7655.75,7655.0,7655.5,5,NQ.v.0
2019-06-18 23:41:00+00:00,33,1,9166,7656.0,7656.25,7654.75,7655.25,18,NQ.v.0
2019-06-18 23:42:00+00:00,33,1,9166,7655.5,7656.25,7655.5,7656.25,2,NQ.v.0
2019-06-18 23:43:00+00:00,33,1,9166,7656.0,7656.0,7655.75,7655.75,6,NQ.v.0
2019-06-18 23:44:00+00:00,33,1,9166,7656.0,7656.0,7656.0,7656.0,1,NQ.v.0
2019-06-18 23:45:00+00:00,33,1,9166,7655.5,7655.5,7655.5,7655.5,3,NQ.v.0
2019-06-18 23:46:00+00:00,33,1,9166,7655.5,7658.25,7655.5,7658.25,14,NQ.v.0
2019-06-18 23:47:00+00:00,33,1,9166,7658.5,7659.0,7657.75,7658.75,9,NQ.v.0
2019-06-18 23:48:00+00:00,33,1,9166,7658.25,7658.25,7658.0,7658.0,8,NQ.v.0
2019-06-18 23:49:00+00:00,33,1,9166,7657.75,7658.0,7657.75,7657.75,5,NQ.v.0
2019-06-18 23:50:00+00:00,33,1,9166,7657.25,7657.25,7657.0,7657.25,16,NQ.v.0
2019-06-18 23:51:00+00:00,33,1,9166,7657.25,7657.25,7657.25,7657.25,1,NQ.v.0
2019-06-18 23:52:00+00:00,33,1,9166,7657.0,7657.0,7656.75,7656.75,4,NQ.v.0
2019-06-18 23:53:00+00:00,33,1,9166,7657.5,7659.75,7657.5,7659.25,17,NQ.v.0
2019-06-18 23:54:00+00:00,33,1,9166,7660.0,7660.0,7658.25,7658.5,23,NQ.v.0
2019-06-18 23:55:00+00:00,33,1,9166,7658.5,7659.25,7658.0,7658.5,52,NQ.v.0
2019-06-18 23:56:00+00:00,33,1,9166,7658.75,7658.75,7658.25,7658.25,3,NQ.v.0
2019-06-18 23:57:00+00:00,33,1,9166,7658.5,7658.5,7658.0,7658.0,24,NQ.v.0
2019-06-18 23:58:00+00:00,33,1,9166,7658.0,7658.0,7657.5,7657.75,18,NQ.v.0
2019-06-18 23:59:00+00:00,33,1,9166,7657.5,7658.25,7657.5,7657.75,26,NQ.v.0
2019-06-19 00:00:00+00:00,33,1,36742,7685.75,7686.25,7684.25,7684.5,56,NQ.v.0
2019-06-19 00:01:00+00:00,33,1,36742,7684.25,7684.25,7682.25,7683.25,121,NQ.v.0
2019-06-19 00:02:00+00:00,33,1,36742,7683.5,7688.25,7682.25,7688.25,157,NQ.v.0
2019-06-19 00:03:00+00:00,33,1,36742,7687.75,7689.0,7685.5,7688.5,129,NQ.v.0
2019-06-19 00:04:00+00:00,33,1,36742,7689.0,7689.75,7684.0,7684.0,204,NQ.v.0
2019-06-19 00:05:00+00:00,33,1,36742,7684.0,7686.0,7683.75,7685.75,113,NQ.v.0
2019-06-19 00:06:00+00:00,33,1,36742,7685.75,7686.25,7684.5,7684.75,73,NQ.v.0
2019-06-19 00:07:00+00:00,33,1,36742,7684.75,7686.25,7684.75,7686.25,42,NQ.v.0
2019-06-19 00:08:00+00:00,33,1,36742,7686.5,7687.25,7685.5,7687.0,85,NQ.v.0
2019-06-19 00:09:00+00:00,33,1,36742,7687.25,7688.5,7687.25,7688.0,64,NQ.v.0
2019-06-19 00:10:00+00:00,33,1,36742,7687.75,7688.5,7687.75,7688.5,40,NQ.v.0
2019-06-19 00:11:00+00:00,33,1,36742,7688.5,7689.5,7687.75,7688.5,53,NQ.v.0
2019-06-19 00:12:00+00:00,33,1,36742,7688.25,7688.5,7687.0,7687.25,33,NQ.v.0
2019-06-19 00:13:00+00:00,33,1,36742,7687.0,7687.5,7686.25,7687.25,49,NQ.v.0
2019-06-19 00:14:00+00:00,33,1,36742,7687.25,7687.25,7686.0,7686.0,36,NQ.v.0
2019-06-19 00:15:00+00:00,33,1,36742,7685.5,7685.75,7684.0,7684.0,114,NQ.v.0
2019-06-19 00:16:00+00:00,33,1,36742,7683.75,7683.75,7682.75,7682.75,85,NQ.v.0
2019-06-19 00:17:00+00:00,33,1,36742,7682.75,7683.0,7681.75,7683.0,96,NQ.v.0
2019-06-19 00:18:00+00:00,33,1,36742,7683.0,7683.0,7682.0,7682.75,34,NQ.v.0
2019-06-19 00:19:00+00:00,33,1,36742,7683.0,7684.0,7682.75,7683.5,33,NQ.v.0
2019-06-19 00:20:00+00:00,33,1,36742,7683.75,7684.5,7683.0,7684.0,60,NQ.v.0
2019-06-19 00:21:00+00:00,33,1,36742,7683.75,7685.75,7683.75,7684.5,80,NQ.v.0
2019-06-19 00:22:00+00:00,33,1,36742,7684.5,7686.0,7684.5,7685.75,61,NQ.v.0
2019-06-19 00:23:00+00:00,33,1,36742,7685.0,7685.25,7684.5,7684.5,13,NQ.v.0
2019-06-19 00:24:00+00:00,33,1,36742,7684.5,7686.0,7684.5,7685.5,12,NQ.v.0
2019-06-19 00:25:00+00:00,33,1,36742,7684.75,7685.0,7683.5,7683.5,58,NQ.v.0
2019-06-19 00:26:00+00:00,33,1,36742,7684.0,7686.75,7684.0,7686.25,32,NQ.v.0
2019-06-19 00:27:00+00:00,33,1,36742,7686.25,7687.5,7686.25,7687.0,78,NQ.v.0
2019-06-19 00:28:00+00:00,33,1,36742,7687.5,7687.75,7687.5,7687.75,26,NQ.v.0
2019-06-19 00:29:00+00:00,33,1,36742,7687.0,7687.25,7686.25,7686.5,40,NQ.v.0
2019-06-19 00:30:00+00:00,33,1,36742,7686.75,7691.0,7686.75,7689.25,402,NQ.v.0
2019-06-19 00:31:00+00:00,33,1,36742,7689.25,7690.75,7689.25,7690.0,119,NQ.v.0
2019-06-19 00:32:00+00:00,33,1,36742,7689.75,7690.25,7689.25,7689.5,38,NQ.v.0
2019-06-19 00:33:00+00:00,33,1,36742,7689.5,7689.5,7689.0,7689.25,42,NQ.v.0
2019-06-19 00:34:00+00:00,33,1,36742,7689.25,7689.75,7689.0,7689.0,37,NQ.v.0
2019-06-19 00:35:00+00:00,33,1,36742,7689.25,7689.25,7688.5,7689.0,16,NQ.v.0
2019-06-19 00:36:00+00:00,33,1,36742,7688.75,7688.75,7687.5,7688.5,58,NQ.v.0
2019-06-19 00:37:00+00:00,33,1,36742,7688.5,7688.5,7687.5,7687.5,78,NQ.v.0
2019-06-19 00:38:00+00:00,33,1,36742,7687.25,7687.5,7687.0,7687.25,41,NQ.v.0
2019-06-19 00:39:00+00:00,33,1,36742,7687.5,7688.0,7687.0,7687.5,31,NQ.v.0
2019-06-19 00:40:00+00:00,33,1,36742,7687.5,7688.25,7686.75,7686.75,38,NQ.v.0
2019-06-19 00:41:00+00:00,33,1,36742,7686.75,7687.25,7686.5,7687.25,54,NQ.v.0
2019-06-19 00:42:00+00:00,33,1,36742,7687.5,7688.25,7687.0,7688.0,40,NQ.v.0
2019-06-19 00:43:00+00:00,33,1,36742,7688.0,7688.75,7688.0,7688.5,37,NQ.v.0
2019-06-19 00:44:00+00:00,33,1,36742,7688.5,7688.75,7688.25,7688.25,10,NQ.v.0
2019-06-19 00:45:00+00:00,33,1,36742,7688.5,7688.75,7688.25,7688.5,9,NQ.v.0
2019-06-19 00:46:00+00:00,33,1,36742,7688.0,7688.0,7685.25,7685.75,141,NQ.v.0
2019-06-19 00:47:00+00:00,33,1,36742,7685.75,7686.0,7684.5,7684.75,40,NQ.v.0
2019-06-19 00:48:00+00:00,33,1,36742,7684.5,7685.0,7683.75,7684.5,53,NQ.v.0
2019-06-19 00:49:00+00:00,33,1,36742,7684.5,7684.5,7682.75,7684.0,57,NQ.v.0
2019-06-19 00:50:00+00:00,33,1,36742,7684.0,7684.5,7682.5,7684.0,206,NQ.v.0
2019-06-19 00:51:00+00:00,33,1,36742,7683.75,7683.75,7682.75,7683.75,45,NQ.v.0
2019-06-19 00:52:00+00:00,33,1,36742,7684.0,7684.0,7683.25,7683.75,16,NQ.v.0
2019-06-19 00:53:00+00:00,33,1,36742,7684.5,7684.75,7683.75,7684.5,34,NQ.v.0
2019-06-19 00:54:00+00:00,33,1,36742,7684.5,7684.5,7683.5,7683.5,49,NQ.v.0
2019-06-19 00:55:00+00:00,33,1,36742,7683.5,7685.0,7683.5,7684.5,40,NQ.v.0
2019-06-19 00:56:00+00:00,33,1,36742,7684.0,7684.25,7683.5,7684.25,20,NQ.v.0
2019-06-19 00:57:00+00:00,33,1,36742,7684.5,7685.5,7684.25,7685.0,60,NQ.v.0
2019-06-19 00:58:00+00:00,33,1,36742,7685.0,7687.0,7685.0,7686.5,89,NQ.v.0
2019-06-19 00:59:00+00:00,33,1,36742,7687.0,7687.25,7685.75,7686.5,44,NQ.v.0
2019-06-19 01:00:00+00:00,33,1,36742,7686.25,7686.75,7685.25,7685.75,48,NQ.v.0
2019-06-19 01:01:00+00:00,33,1,36742,7685.25,7685.5,7682.75,7683.0,60,NQ.v.0
2019-06-19 01:02:00+00:00,33,1,36742,7683.0,7684.25,7682.5,7683.75,63,NQ.v.0
2019-06-19 01:03:00+00:00,33,1,36742,7683.25,7684.25,7683.25,7684.0,16,NQ.v.0
2019-06-19 01:04:00+00:00,33,1,36742,7684.0,7684.0,7682.75,7682.75,14,NQ.v.0
2019-06-19 01:05:00+00:00,33,1,36742,7682.75,7684.0,7682.25,7682.5,96,NQ.v.0
2019-06-19 01:06:00+00:00,33,1,36742,7682.75,7683.0,7682.5,7682.75,29,NQ.v.0
2019-06-19 01:07:00+00:00,33,1,36742,7682.75,7682.75,7681.25,7681.75,51,NQ.v.0
2019-06-19 01:08:00+00:00,33,1,36742,7681.5,7681.75,7680.25,7681.75,102,NQ.v.0
2019-06-19 01:09:00+00:00,33,1,36742,7681.75,7681.75,7680.25,7681.5,57,NQ.v.0
2019-06-19 01:10:00+00:00,33,1,36742,7681.5,7683.0,7681.5,7682.5,48,NQ.v.0
2019-06-19 01:11:00+00:00,33,1,36742,7683.0,7685.5,7683.0,7683.25,85,NQ.v.0
2019-06-19 01:12:00+00:00,33,1,36742,7683.75,7683.75,7683.0,7683.0,28,NQ.v.0
2019-06-19 01:13:00+00:00,33,1,36742,7683.0,7683.25,7682.25,7682.75,16,NQ.v.0
2019-06-19 01:14:00+00:00,33,1,36742,7682.5,7684.25,7681.75,7684.25,48,NQ.v.0
2019-06-19 01:15:00+00:00,33,1,36742,7683.75,7685.75,7683.5,7685.0,115,NQ.v.0
2019-06-19 01:16:00+00:00,33,1,36742,7685.75,7687.0,7685.25,7686.25,105,NQ.v.0
2019-06-19 01:17:00+00:00,33,1,36742,7686.25,7688.5,7685.75,7686.0,134,NQ.v.0
2019-06-19 01:18:00+00:00,33,1,36742,7686.0,7686.25,7684.5,7684.5,44,NQ.v.0
2019-06-19 01:19:00+00:00,33,1,36742,7684.5,7685.0,7684.25,7684.75,22,NQ.v.0
2019-06-19 01:20:00+00:00,33,1,36742,7684.75,7685.25,7682.75,7683.5,85,NQ.v.0
2019-06-19 01:21:00+00:00,33,1,36742,7683.75,7684.25,7681.25,7681.75,54,NQ.v.0
2019-06-19 01:22:00+00:00,33,1,36742,7681.5,7683.25,7681.5,7683.25,47,NQ.v.0
2019-06-19 01:23:00+00:00,33,1,36742,7683.0,7683.25,7681.25,7682.0,43,NQ.v.0
2019-06-19 01:24:00+00:00,33,1,36742,7681.75,7683.25,7681.75,7682.5,50,NQ.v.0
2019-06-19 01:25:00+00:00,33,1,36742,7682.5,7683.75,7682.5,7683.75,47,NQ.v.0
2019-06-19 01:26:00+00:00,33,1,36742,7684.0,7685.5,7683.75,7685.25,66,NQ.v.0
2019-06-19 01:27:00+00:00,33,1,36742,7685.5,7685.75,7685.0,7685.75,43,NQ.v.0
2019-06-19 01:28:00+00:00,33,1,36742,7685.75,7686.75,7685.75,7686.25,62,NQ.v.0
2019-06-19 01:29:00+00:00,33,1,36742,7686.25,7686.5,7685.5,7686.5,64,NQ.v.0
2019-06-19 01:30:00+00:00,33,1,36742,7686.5,7688.75,7683.75,7684.25,357,NQ.v.0
2019-06-19 01:31:00+00:00,33,1,36742,7684.0,7684.5,7680.75,7681.0,162,NQ.v.0
2019-06-19 01:32:00+00:00,33,1,36742,7681.0,7681.0,7677.5,7678.25,187,NQ.v.0
2019-06-19 01:33:00+00:00,33,1,36742,7678.0,7681.75,7678.0,7681.0,141,NQ.v.0
2019-06-19 01:34:00+00:00,33,1,36742,7681.75,7685.75,7681.75,7683.75,114,NQ.v.0
2019-06-19 01:35:00+00:00,33,1,36742,7684.0,7685.5,7683.75,7684.25,73,NQ.v.0
2019-06-19 01:36:00+00:00,33,1,36742,7684.75,7685.25,7682.25,7682.25,89,NQ.v.0
2019-06-19 01:37:00+00:00,33,1,36742,7682.0,7683.25,7682.0,7682.75,74,NQ.v.0
2019-06-19 01:38:00+00:00,33,1,36742,7682.0,7683.0,7680.5,7680.5,92,NQ.v.0
2019-06-19 01:39:00+00:00,33,1,36742,7680.5,7681.0,7679.0,7679.25,249,NQ.v.0
2019-06-19 01:40:00+00:00,33,1,36742,7679.25,7681.0,7678.25,7680.0,135,NQ.v.0
2019-06-19 01:41:00+00:00,33,1,36742,7680.0,7684.0,7680.0,7683.0,125,NQ.v.0
2019-06-19 01:42:00+00:00,33,1,36742,7683.25,7683.5,7680.5,7681.25,89,NQ.v.0
2019-06-19 01:43:00+00:00,33,1,36742,7681.5,7682.25,7680.0,7680.75,62,NQ.v.0
2019-06-19 01:44:00+00:00,33,1,36742,7681.0,7681.0,7679.5,7679.75,56,NQ.v.0
2019-06-19 01:45:00+00:00,33,1,36742,7680.0,7680.25,7678.5,7679.5,66,NQ.v.0
2019-06-19 01:46:00+00:00,33,1,36742,7679.5,7679.75,7679.0,7679.75,29,NQ.v.0
2019-06-19 01:47:00+00:00,33,1,36742,7679.0,7680.75,7677.25,7680.75,235,NQ.v.0
2019-06-19 01:48:00+00:00,33,1,36742,7681.0,7681.0,7676.0,7676.5,227,NQ.v.0
2019-06-19 01:49:00+00:00,33,1,36742,7676.0,7676.0,7672.5,7673.25,240,NQ.v.0
2019-06-19 01:50:00+00:00,33,1,36742,7674.0,7675.75,7673.0,7675.75,176,NQ.v.0
2019-06-19 01:51:00+00:00,33,1,36742,7675.75,7677.75,7675.25,7676.75,108,NQ.v.0
2019-06-19 01:52:00+00:00,33,1,36742,7677.0,7677.25,7676.5,7676.75,53,NQ.v.0
2019-06-19 01:53:00+00:00,33,1,36742,7676.5,7677.0,7675.5,7675.75,52,NQ.v.0
2019-06-19 01:54:00+00:00,33,1,36742,7675.25,7675.75,7674.5,7675.75,59,NQ.v.0
2019-06-19 01:55:00+00:00,33,1,36742,7675.75,7676.75,7675.75,7676.5,28,NQ.v.0
2019-06-19 01:56:00+00:00,33,1,36742,7676.0,7676.0,7675.0,7675.0,22,NQ.v.0
2019-06-19 01:57:00+00:00,33,1,36742,7675.0,7676.25,7674.5,7676.25,35,NQ.v.0
2019-06-19 01:58:00+00:00,33,1,36742,7675.75,7678.5,7675.5,7678.25,116,NQ.v.0
2019-06-19 01:59:00+00:00,33,1,36742,7678.25,7678.25,7677.5,7678.25,67,NQ.v.0
2019-06-19 02:00:00+00:00,33,1,36742,7678.0,7678.0,7676.25,7676.75,82,NQ.v.0
2019-06-19 02:01:00+00:00,33,1,36742,7677.0,7677.75,7677.0,7677.0,61,NQ.v.0
2019-06-19 02:02:00+00:00,33,1,36742,7677.0,7678.25,7676.25,7676.75,96,NQ.v.0
2019-06-19 02:03:00+00:00,33,1,36742,7677.0,7678.25,7676.5,7677.0,61,NQ.v.0
2019-06-19 02:04:00+00:00,33,1,36742,7677.25,7677.25,7675.25,7675.5,36,NQ.v.0
2019-06-19 02:05:00+00:00,33,1,36742,7675.25,7675.25,7672.75,7673.5,189,NQ.v.0
2019-06-19 02:06:00+00:00,33,1,36742,7673.0,7675.0,7673.0,7675.0,35,NQ.v.0
2019-06-19 02:07:00+00:00,33,1,36742,7675.0,7675.0,7673.5,7673.5,43,NQ.v.0
2019-06-19 02:08:00+00:00,33,1,36742,7673.25,7674.25,7673.0,7673.25,48,NQ.v.0
2019-06-19 02:09:00+00:00,33,1,36742,7673.25,7675.75,7673.25,7674.5,70,NQ.v.0
2019-06-19 02:10:00+00:00,33,1,36742,7674.75,7675.5,7674.25,7675.0,31,NQ.v.0
2019-06-19 02:11:00+00:00,33,1,36742,7675.5,7676.5,7674.5,7674.75,75,NQ.v.0
2019-06-19 02:12:00+00:00,33,1,36742,7674.5,7676.0,7674.25,7676.0,49,NQ.v.0
2019-06-19 02:13:00+00:00,33,1,36742,7676.0,7677.25,7675.25,7676.25,91,NQ.v.0
2019-06-19 02:14:00+00:00,33,1,36742,7676.25,7676.75,7675.25,7676.75,61,NQ.v.0
2019-06-19 02:15:00+00:00,33,1,36742,7676.75,7676.75,7675.0,7675.25,41,NQ.v.0
2019-06-19 02:16:00+00:00,33,1,36742,7675.25,7676.75,7675.25,7676.5,33,NQ.v.0
2019-06-19 02:17:00+00:00,33,1,36742,7676.75,7677.0,7676.5,7677.0,44,NQ.v.0
2019-06-19 02:18:00+00:00,33,1,36742,7677.0,7677.75,7676.75,7677.0,72,NQ.v.0
2019-06-19 02:19:00+00:00,33,1,36742,7677.0,7677.0,7675.75,7676.75,51,NQ.v.0
2019-06-19 02:20:00+00:00,33,1,36742,7677.0,7678.0,7677.0,7678.0,40,NQ.v.0
2019-06-19 02:21:00+00:00,33,1,36742,7678.25,7679.5,7678.25,7679.25,86,NQ.v.0
2019-06-19 02:22:00+00:00,33,1,36742,7679.0,7679.25,7678.75,7679.0,19,NQ.v.0
2019-06-19 02:23:00+00:00,33,1,36742,7678.75,7679.25,7678.75,7678.75,18,NQ.v.0
2019-06-19 02:24:00+00:00,33,1,36742,7678.75,7678.75,7677.5,7678.5,77,NQ.v.0
2019-06-19 02:25:00+00:00,33,1,36742,7678.75,7679.0,7678.0,7678.25,55,NQ.v.0
2019-06-19 02:26:00+00:00,33,1,36742,7678.5,7679.0,7678.25,7679.0,19,NQ.v.0
2019-06-19 02:27:00+00:00,33,1,36742,7679.25,7679.25,7678.25,7678.5,17,NQ.v.0
2019-06-19 02:28:00+00:00,33,1,36742,7678.75,7679.5,7678.75,7679.0,26,NQ.v.0
2019-06-19 02:29:00+00:00,33,1,36742,7679.0,7679.0,7678.25,7678.25,9,NQ.v.0
2019-06-19 02:30:00+00:00,33,1,36742,7678.75,7680.0,7678.5,7678.5,115,NQ.v.0
2019-06-19 02:31:00+00:00,33,1,36742,7678.25,7679.0,7678.25,7678.5,39,NQ.v.0
2019-06-19 02:32:00+00:00,33,1,36742,7678.5,7680.0,7678.5,7679.75,74,NQ.v.0
2019-06-19 02:33:00+00:00,33,1,36742,7679.75,7680.0,7679.0,7679.5,23,NQ.v.0
2019-06-19 02:34:00+00:00,33,1,36742,7679.0,7679.0,7677.75,7678.5,41,NQ.v.0
2019-06-19 02:35:00+00:00,33,1,36742,7678.25,7678.5,7676.25,7677.0,70,NQ.v.0
2019-06-19 02:36:00+00:00,33,1,36742,7676.75,7677.25,7676.5,7677.0,24,NQ.v.0
2019-06-19 02:37:00+00:00,33,1,36742,7677.0,7677.5,7676.75,7677.0,36,NQ.v.0
2019-06-19 02:38:00+00:00,33,1,36742,7677.0,7678.25,7676.0,7678.25,41,NQ.v.0
2019-06-19 02:39:00+00:00,33,1,36742,7678.0,7678.5,7677.5,7677.5,29,NQ.v.0
2019-06-19 02:40:00+00:00,33,1,36742,7677.75,7677.75,7677.25,7677.25,26,NQ.v.0
2019-06-19 02:41:00+00:00,33,1,36742,7677.0,7678.5,7677.0,7678.0,29,NQ.v.0
2019-06-19 02:42:00+00:00,33,1,36742,7678.25,7679.75,7678.25,7679.25,90,NQ.v.0
2019-06-19 02:43:00+00:00,33,1,36742,7679.25,7679.75,7679.0,7679.0,32,NQ.v.0
2019-06-19 02:44:00+00:00,33,1,36742,7679.5,7679.75,7677.75,7678.0,43,NQ.v.0
2019-06-19 02:45:00+00:00,33,1,36742,7678.0,7679.25,7678.0,7679.0,48,NQ.v.0
2019-06-19 02:46:00+00:00,33,1,36742,7679.5,7679.75,7678.5,7679.0,32,NQ.v.0
2019-06-19 02:47:00+00:00,33,1,36742,7679.0,7679.5,7678.25,7679.25,41,NQ.v.0
2019-06-19 02:48:00+00:00,33,1,36742,7679.0,7679.0,7678.0,7678.0,21,NQ.v.0
2019-06-19 02:49:00+00:00,33,1,36742,7678.0,7678.0,7677.75,7678.0,16,NQ.v.0
2019-06-19 02:50:00+00:00,33,1,36742,7678.0,7678.75,7678.0,7678.75,24,NQ.v.0
2019-06-19 02:51:00+00:00,33,1,36742,7678.25,7678.5,7677.5,7677.75,24,NQ.v.0
2019-06-19 02:52:00+00:00,33,1,36742,7677.75,7678.0,7677.25,7678.0,9,NQ.v.0
2019-06-19 02:53:00+00:00,33,1,36742,7678.25,7678.5,7678.0,7678.25,7,NQ.v.0
2019-06-19 02:54:00+00:00,33,1,36742,7678.25,7678.5,7678.0,7678.0,26,NQ.v.0
2019-06-19 02:55:00+00:00,33,1,36742,7678.25,7678.5,7678.0,7678.0,19,NQ.v.0
2019-06-19 02:56:00+00:00,33,1,36742,7677.75,7677.75,7677.0,7677.0,31,NQ.v.0
2019-06-19 02:57:00+00:00,33,1,36742,7676.75,7677.25,7675.5,7677.0,54,NQ.v.0
2019-06-19 02:58:00+00:00,33,1,36742,7677.25,7677.75,7676.5,7676.5,17,NQ.v.0
2019-06-19 02:59:00+00:00,33,1,36742,7676.0,7676.5,7675.75,7676.5,18,NQ.v.0
2019-06-19 03:00:00+00:00,33,1,36742,7676.0,7676.25,7674.5,7675.0,96,NQ.v.0
2019-06-19 03:01:00+00:00,33,1,36742,7675.0,7675.75,7675.0,7675.75,31,NQ.v.0
2019-06-19 03:02:00+00:00,33,1,36742,7675.5,7675.75,7675.0,7675.25,26,NQ.v.0
2019-06-19 03:03:00+00:00,33,1,36742,7675.5,7676.25,7675.5,7676.0,13,NQ.v.0
2019-06-19 03:04:00+00:00,33,1,36742,7676.25,7676.5,7676.0,7676.25,29,NQ.v.0
2019-06-19 03:05:00+00:00,33,1,36742,7676.25,7676.75,7675.75,7676.75,22,NQ.v.0
2019-06-19 03:06:00+00:00,33,1,36742,7676.5,7677.5,7676.5,7677.25,38,NQ.v.0
2019-06-19 03:07:00+00:00,33,1,36742,7677.25,7677.5,7677.0,7677.25,12,NQ.v.0
2019-06-19 03:08:00+00:00,33,1,36742,7677.25,7677.5,7676.75,7677.5,12,NQ.v.0
2019-06-19 03:09:00+00:00,33,1,36742,7677.5,7677.75,7677.0,7677.25,21,NQ.v.0
2019-06-19 03:10:00+00:00,33,1,36742,7677.25,7677.25,7676.25,7676.75,23,NQ.v.0
2019-06-19 03:11:00+00:00,33,1,36742,7677.0,7677.75,7677.0,7677.5,10,NQ.v.0
2019-06-19 03:12:00+00:00,33,1,36742,7677.5,7677.5,7676.25,7676.5,39,NQ.v.0
2019-06-19 03:13:00+00:00,33,1,36742,7676.5,7676.75,7676.0,7676.0,23,NQ.v.0
2019-06-19 03:14:00+00:00,33,1,36742,7676.0,7676.5,7676.0,7676.25,19,NQ.v.0
2019-06-19 03:15:00+00:00,33,1,36742,7676.5,7677.5,7676.5,7677.25,36,NQ.v.0
2019-06-19 03:16:00+00:00,33,1,36742,7677.25,7678.25,7677.25,7678.25,29,NQ.v.0
2019-06-19 03:17:00+00:00,33,1,36742,7678.25,7678.75,7677.75,7677.75,50,NQ.v.0
2019-06-19 03:18:00+00:00,33,1,36742,7678.0,7678.25,7678.0,7678.0,10,NQ.v.0
2019-06-19 03:19:00+00:00,33,1,36742,7678.0,7678.25,7678.0,7678.25,3,NQ.v.0
2019-06-19 03:20:00+00:00,33,1,36742,7678.25,7678.5,7678.0,7678.25,24,NQ.v.0
2019-06-19 03:21:00+00:00,33,1,36742,7678.25,7678.5,7678.25,7678.25,12,NQ.v.0
2019-06-19 03:22:00+00:00,33,1,36742,7678.0,7678.5,7677.75,7678.0,30,NQ.v.0
2019-06-19 03:23:00+00:00,33,1,36742,7678.0,7678.5,7678.0,7678.5,24,NQ.v.0
2019-06-19 03:24:00+00:00,33,1,36742,7678.25,7678.5,7678.0,7678.5,12,NQ.v.0
2019-06-19 03:25:00+00:00,33,1,36742,7678.5,7679.5,7678.0,7678.0,42,NQ.v.0
2019-06-19 03:26:00+00:00,33,1,36742,7677.75,7678.0,7677.75,7678.0,17,NQ.v.0
2019-06-19 03:27:00+00:00,33,1,36742,7678.0,7679.5,7678.0,7678.5,76,NQ.v.0
2019-06-19 03:28:00+00:00,33,1,36742,7678.5,7679.0,7678.5,7678.75,12,NQ.v.0
2019-06-19 03:29:00+00:00,33,1,36742,7678.75,7678.75,7678.75,7678.75,8,NQ.v.0
2019-06-19 03:30:00+00:00,33,1,36742,7678.75,7678.75,7678.25,7678.25,36,NQ.v.0
2019-06-19 03:31:00+00:00,33,1,36742,7678.5,7678.5,7678.0,7678.0,5,NQ.v.0
2019-06-19 03:32:00+00:00,33,1,36742,7678.0,7678.25,7677.5,7678.0,37,NQ.v.0
2019-06-19 03:33:00+00:00,33,1,36742,7678.0,7679.0,7678.0,7679.0,31,NQ.v.0
2019-06-19 03:34:00+00:00,33,1,36742,7678.75,7678.75,7677.25,7677.5,18,NQ.v.0
2019-06-19 03:35:00+00:00,33,1,36742,7677.5,7677.5,7677.25,7677.25,24,NQ.v.0
2019-06-19 03:36:00+00:00,33,1,36742,7677.25,7678.0,7677.0,7678.0,16,NQ.v.0
2019-06-19 03:37:00+00:00,33,1,36742,7677.75,7677.75,7677.25,7677.25,13,NQ.v.0
2019-06-19 03:38:00+00:00,33,1,36742,7677.25,7677.25,7677.0,7677.0,25,NQ.v.0
2019-06-19 03:39:00+00:00,33,1,36742,7677.5,7678.75,7677.5,7678.75,49,NQ.v.0
2019-06-19 03:40:00+00:00,33,1,36742,7678.5,7678.75,7678.0,7678.0,23,NQ.v.0
2019-06-19 03:41:00+00:00,33,1,36742,7678.25,7678.25,7677.5,7678.0,27,NQ.v.0
2019-06-19 03:42:00+00:00,33,1,36742,7678.0,7678.25,7677.75,7677.75,7,NQ.v.0
2019-06-19 03:43:00+00:00,33,1,36742,7678.0,7678.0,7678.0,7678.0,1,NQ.v.0
2019-06-19 03:44:00+00:00,33,1,36742,7678.25,7678.5,7678.25,7678.25,7,NQ.v.0
2019-06-19 03:45:00+00:00,33,1,36742,7678.75,7678.75,7678.0,7678.25,19,NQ.v.0
2019-06-19 03:46:00+00:00,33,1,36742,7678.5,7678.5,7678.25,7678.25,10,NQ.v.0
2019-06-19 03:47:00+00:00,33,1,36742,7678.0,7678.25,7677.75,7678.25,18,NQ.v.0
2019-06-19 03:48:00+00:00,33,1,36742,7678.25,7678.25,7678.25,7678.25,1,NQ.v.0
2019-06-19 03:49:00+00:00,33,1,36742,7678.25,7678.25,7678.25,7678.25,1,NQ.v.0
2019-06-19 03:50:00+00:00,33,1,36742,7678.25,7678.25,7678.0,7678.0,10,NQ.v.0
2019-06-19 03:51:00+00:00,33,1,36742,7678.0,7678.25,7678.0,7678.25,8,NQ.v.0
2019-06-19 03:52:00+00:00,33,1,36742,7678.5,7678.5,7678.25,7678.25,17,NQ.v.0
2019-06-19 03:53:00+00:00,33,1,36742,7678.25,7678.25,7677.75,7677.75,4,NQ.v.0
2019-06-19 03:54:00+00:00,33,1,36742,7677.75,7677.75,7677.5,7677.5,7,NQ.v.0
2019-06-19 03:55:00+00:00,33,1,36742,7677.5,7677.75,7677.25,7677.75,15,NQ.v.0
2019-06-19 03:56:00+00:00,33,1,36742,7677.75,7678.25,7677.75,7678.0,15,NQ.v.0
2019-06-19 03:57:00+00:00,33,1,36742,7678.75,7679.5,7678.75,7679.0,61,NQ.v.0
2019-06-19 03:58:00+00:00,33,1,36742,7678.75,7678.75,7678.75,7678.75,3,NQ.v.0
2019-06-19 03:59:00+00:00,33,1,36742,7678.5,7678.5,7678.25,7678.25,4,NQ.v.0
2019-06-19 04:00:00+00:00,33,1,36742,7678.25,7678.5,7678.0,7678.25,14,NQ.v.0
2019-06-19 04:01:00+00:00,33,1,36742,7678.25,7678.75,7678.0,7678.25,11,NQ.v.0
2019-06-19 04:02:00+00:00,33,1,36742,7678.25,7678.25,7677.75,7678.0,20,NQ.v.0
2019-06-19 04:03:00+00:00,33,1,36742,7678.0,7678.0,7677.0,7677.0,33,NQ.v.0
2019-06-19 04:04:00+00:00,33,1,36742,7677.25,7677.5,7677.25,7677.5,14,NQ.v.0
2019-06-19 04:05:00+00:00,33,1,36742,7677.25,7677.5,7676.5,7676.75,41,NQ.v.0
2019-06-19 04:06:00+00:00,33,1,36742,7677.0,7677.5,7676.75,7677.0,30,NQ.v.0
2019-06-19 04:07:00+00:00,33,1,36742,7677.0,7677.25,7677.0,7677.25,6,NQ.v.0
2019-06-19 04:08:00+00:00,33,1,36742,7677.25,7677.25,7677.25,7677.25,1,NQ.v.0
2019-06-19 04:09:00+00:00,33,1,36742,7677.25,7677.25,7676.5,7676.75,5,NQ.v.0
2019-06-19 04:10:00+00:00,33,1,36742,7677.0,7677.75,7677.0,7677.5,22,NQ.v.0
2019-06-19 04:11:00+00:00,33,1,36742,7677.5,7677.5,7677.25,7677.5,9,NQ.v.0
2019-06-19 04:12:00+00:00,33,1,36742,7677.5,7677.75,7676.5,7677.0,32,NQ.v.0
2019-06-19 04:13:00+00:00,33,1,36742,7677.25,7677.75,7677.25,7677.75,13,NQ.v.0
2019-06-19 04:14:00+00:00,33,1,36742,7677.5,7677.5,7677.5,7677.5,8,NQ.v.0
2019-06-19 04:15:00+00:00,33,1,36742,7677.5,7677.5,7677.0,7677.25,15,NQ.v.0
2019-06-19 04:16:00+00:00,33,1,36742,7677.0,7677.25,7676.75,7677.0,7,NQ.v.0
2019-06-19 04:17:00+00:00,33,1,36742,7677.0,7677.0,7676.25,7676.25,18,NQ.v.0
2019-06-19 04:18:00+00:00,33,1,36742,7676.5,7677.5,7676.5,7677.5,44,NQ.v.0
2019-06-19 04:19:00+00:00,33,1,36742,7677.5,7677.5,7677.25,7677.25,8,NQ.v.0
2019-06-19 04:20:00+00:00,33,1,36742,7677.25,7677.75,7677.25,7677.5,18,NQ.v.0
2019-06-19 04:21:00+00:00,33,1,36742,7677.25,7677.5,7677.0,7677.0,13,NQ.v.0
2019-06-19 04:22:00+00:00,33,1,36742,7677.0,7677.0,7675.75,7676.25,30,NQ.v.0
2019-06-19 04:23:00+00:00,33,1,36742,7676.0,7676.5,7675.75,7676.0,22,NQ.v.0
2019-06-19 04:24:00+00:00,33,1,36742,7675.75,7675.75,7675.5,7675.75,13,NQ.v.0
2019-06-19 04:25:00+00:00,33,1,36742,7675.75,7676.0,7675.5,7675.5,62,NQ.v.0
2019-06-19 04:26:00+00:00,33,1,36742,7675.75,7675.75,7675.5,7675.5,21,NQ.v.0
2019-06-19 04:27:00+00:00,33,1,36742,7675.5,7675.5,7675.5,7675.5,6,NQ.v.0
2019-06-19 04:28:00+00:00,33,1,36742,7675.75,7676.0,7675.75,7676.0,16,NQ.v.0
2019-06-19 04:29:00+00:00,33,1,36742,7675.75,7676.25,7675.5,7675.75,38,NQ.v.0
2019-06-19 04:30:00+00:00,33,1,36742,7676.0,7676.5,7675.75,7676.25,48,NQ.v.0
2019-06-19 04:31:00+00:00,33,1,36742,7676.0,7676.0,7675.5,7675.75,14,NQ.v.0
2019-06-19 04:32:00+00:00,33,1,36742,7675.75,7676.25,7675.25,7675.5,30,NQ.v.0
2019-06-19 04:33:00+00:00,33,1,36742,7675.25,7675.25,7675.0,7675.25,19,NQ.v.0
2019-06-19 04:34:00+00:00,33,1,36742,7675.25,7675.5,7675.0,7675.5,41,NQ.v.0
2019-06-19 04:35:00+00:00,33,1,36742,7675.25,7675.25,7674.0,7674.25,60,NQ.v.0
2019-06-19 04:36:00+00:00,33,1,36742,7674.25,7674.5,7673.75,7674.25,52,NQ.v.0
2019-06-19 04:37:00+00:00,33,1,36742,7674.5,7675.25,7674.5,7674.75,43,NQ.v.0
2019-06-19 04:38:00+00:00,33,1,36742,7674.75,7674.75,7674.5,7674.75,9,NQ.v.0
2019-06-19 04:39:00+00:00,33,1,36742,7674.5,7674.5,7673.25,7673.5,47,NQ.v.0
2019-06-19 04:40:00+00:00,33,1,36742,7673.5,7674.0,7673.5,7674.0,40,NQ.v.0
2019-06-19 04:41:00+00:00,33,1,36742,7674.0,7674.5,7674.0,7674.25,36,NQ.v.0
2019-06-19 04:42:00+00:00,33,1,36742,7674.25,7674.25,7673.75,7673.75,22,NQ.v.0
2019-06-19 04:43:00+00:00,33,1,36742,7674.0,7674.25,7673.75,7674.25,7,NQ.v.0
2019-06-19 04:44:00+00:00,33,1,36742,7674.0,7674.75,7674.0,7674.75,28,NQ.v.0
2019-06-19 04:45:00+00:00,33,1,36742,7675.0,7675.25,7674.75,7675.25,11,NQ.v.0
2019-06-19 04:46:00+00:00,33,1,36742,7675.25,7675.5,7674.75,7675.25,21,NQ.v.0
2019-06-19 04:47:00+00:00,33,1,36742,7675.5,7676.0,7675.5,7675.5,26,NQ.v.0
2019-06-19 04:48:00+00:00,33,1,36742,7675.5,7676.0,7675.5,7675.75,51,NQ.v.0
2019-06-19 04:49:00+00:00,33,1,36742,7675.5,7675.5,7675.0,7675.0,9,NQ.v.0
2019-06-19 04:50:00+00:00,33,1,36742,7675.25,7675.25,7675.25,7675.25,4,NQ.v.0
2019-06-19 04:51:00+00:00,33,1,36742,7675.5,7676.25,7675.5,7676.0,37,NQ.v.0
2019-06-19 04:52:00+00:00,33,1,36742,7676.25,7676.5,7676.25,7676.25,30,NQ.v.0
2019-06-19 04:53:00+00:00,33,1,36742,7676.0,7676.0,7675.0,7675.25,29,NQ.v.0
2019-06-19 04:54:00+00:00,33,1,36742,7675.25,7675.5,7675.0,7675.0,15,NQ.v.0
2019-06-19 04:55:00+00:00,33,1,36742,7675.5,7676.25,7675.5,7676.25,26,NQ.v.0
2019-06-19 04:56:00+00:00,33,1,36742,7676.25,7676.5,7676.0,7676.5,32,NQ.v.0
2019-06-19 04:57:00+00:00,33,1,36742,7676.5,7676.5,7676.0,7676.5,12,NQ.v.0
2019-06-19 04:58:00+00:00,33,1,36742,7676.5,7676.75,7676.25,7676.75,6,NQ.v.0
2019-06-19 04:59:00+00:00,33,1,36742,7676.75,7677.5,7676.5,7677.25,33,NQ.v.0
2019-06-19 05:00:00+00:00,33,1,36742,7677.0,7677.5,7676.25,7676.75,64,NQ.v.0
2019-06-19 05:01:00+00:00,33,1,36742,7676.5,7676.5,7675.75,7676.25,27,NQ.v.0
2019-06-19 05:02:00+00:00,33,1,36742,7676.25,7676.5,7676.0,7676.25,19,NQ.v.0
2019-06-19 05:03:00+00:00,33,1,36742,7676.0,7676.25,7675.5,7676.0,16,NQ.v.0
2019-06-19 05:04:00+00:00,33,1,36742,7675.75,7676.0,7675.75,7675.75,27,NQ.v.0
2019-06-19 05:05:00+00:00,33,1,36742,7675.75,7676.75,7675.75,7676.75,13,NQ.v.0
2019-06-19 05:06:00+00:00,33,1,36742,7676.75,7678.0,7676.75,7678.0,31,NQ.v.0
2019-06-19 05:07:00+00:00,33,1,36742,7678.0,7679.25,7678.0,7678.0,39,NQ.v.0
2019-06-19 05:08:00+00:00,33,1,36742,7678.0,7678.5,7678.0,7678.25,17,NQ.v.0
2019-06-19 05:09:00+00:00,33,1,36742,7678.25,7679.0,7678.25,7678.25,54,NQ.v.0
2019-06-19 05:10:00+00:00,33,1,36742,7678.5,7678.5,7677.75,7678.25,41,NQ.v.0
2019-06-19 05:11:00+00:00,33,1,36742,7678.0,7678.25,7678.0,7678.0,8,NQ.v.0
2019-06-19 05:12:00+00:00,33,1,36742,7678.25,7678.25,7677.75,7678.0,28,NQ.v.0
2019-06-19 05:13:00+00:00,33,1,36742,7678.25,7678.5,7677.75,7678.25,24,NQ.v.0
2019-06-19 05:14:00+00:00,33,1,36742,7678.0,7678.25,7678.0,7678.0,11,NQ.v.0
2019-06-19 05:15:00+00:00,33,1,36742,7677.75,7678.0,7677.75,7678.0,10,NQ.v.0
2019-06-19 05:16:00+00:00,33,1,36742,7677.75,7677.75,7677.0,7677.5,21,NQ.v.0
2019-06-19 05:17:00+00:00,33,1,36742,7677.5,7677.75,7677.5,7677.75,10,NQ.v.0
2019-06-19 05:18:00+00:00,33,1,36742,7677.75,7678.25,7677.75,7678.0,23,NQ.v.0
2019-06-19 05:19:00+00:00,33,1,36742,7678.5,7678.75,7678.0,7678.25,32,NQ.v.0
2019-06-19 05:20:00+00:00,33,1,36742,7678.75,7679.25,7678.0,7679.25,24,NQ.v.0
2019-06-19 05:21:00+00:00,33,1,36742,7679.25,7680.75,7679.25,7680.25,84,NQ.v.0
2019-06-19 05:22:00+00:00,33,1,36742,7680.25,7680.5,7680.25,7680.25,17,NQ.v.0
2019-06-19 05:23:00+00:00,33,1,36742,7680.0,7680.5,7679.75,7680.25,24,NQ.v.0
2019-06-19 05:24:00+00:00,33,1,36742,7680.25,7680.25,7679.75,7679.75,15,NQ.v.0
2019-06-19 05:25:00+00:00,33,1,36742,7679.75,7679.75,7679.25,7679.25,24,NQ.v.0
2019-06-19 05:26:00+00:00,33,1,36742,7679.25,7680.25,7679.25,7680.0,27,NQ.v.0
2019-06-19 05:27:00+00:00,33,1,36742,7680.25,7681.75,7680.25,7681.25,68,NQ.v.0
2019-06-19 05:28:00+00:00,33,1,36742,7681.25,7681.25,7680.5,7680.75,53,NQ.v.0
2019-06-19 05:29:00+00:00,33,1,36742,7680.75,7680.75,7680.25,7680.25,33,NQ.v.0
2019-06-19 05:30:00+00:00,33,1,36742,7680.25,7681.0,7680.0,7680.5,50,NQ.v.0
2019-06-19 05:31:00+00:00,33,1,36742,7680.5,7681.5,7680.25,7680.5,77,NQ.v.0
2019-06-19 05:32:00+00:00,33,1,36742,7680.25,7680.75,7679.75,7680.0,44,NQ.v.0
2019-06-19 05:33:00+00:00,33,1,36742,7679.75,7680.5,7679.75,7680.0,44,NQ.v.0
2019-06-19 05:34:00+00:00,33,1,36742,7680.0,7680.0,7679.5,7679.5,17,NQ.v.0
2019-06-19 05:35:00+00:00,33,1,36742,7679.5,7679.75,7678.5,7678.75,22,NQ.v.0
2019-06-19 05:36:00+00:00,33,1,36742,7678.75,7679.75,7678.75,7679.0,39,NQ.v.0
2019-06-19 05:37:00+00:00,33,1,36742,7678.75,7678.75,7678.25,7678.5,19,NQ.v.0
2019-06-19 05:38:00+00:00,33,1,36742,7678.5,7678.5,7677.75,7677.75,27,NQ.v.0
2019-06-19 05:39:00+00:00,33,1,36742,7677.75,7679.25,7677.75,7679.0,78,NQ.v.0
2019-06-19 05:40:00+00:00,33,1,36742,7678.75,7678.75,7677.75,7678.0,38,NQ.v.0
2019-06-19 05:41:00+00:00,33,1,36742,7678.0,7678.25,7677.25,7677.75,45,NQ.v.0
2019-06-19 05:42:00+00:00,33,1,36742,7677.5,7678.0,7677.25,7677.75,31,NQ.v.0
2019-06-19 05:43:00+00:00,33,1,36742,7677.75,7677.75,7677.75,7677.75,11,NQ.v.0
2019-06-19 05:44:00+00:00,33,1,36742,7677.5,7678.0,7677.5,7678.0,19,NQ.v.0
2019-06-19 05:45:00+00:00,33,1,36742,7677.75,7679.5,7677.75,7679.0,52,NQ.v.0
2019-06-19 05:46:00+00:00,33,1,36742,7678.75,7679.75,7678.75,7679.5,40,NQ.v.0
2019-06-19 05:47:00+00:00,33,1,36742,7679.5,7679.5,7679.0,7679.25,12,NQ.v.0
2019-06-19 05:48:00+00:00,33,1,36742,7679.25,7679.5,7678.75,7679.5,26,NQ.v.0
2019-06-19 05:49:00+00:00,33,1,36742,7679.5,7679.5,7679.25,7679.25,8,NQ.v.0
2019-06-19 05:50:00+00:00,33,1,36742,7679.0,7680.25,7678.75,7679.0,47,NQ.v.0
2019-06-19 05:51:00+00:00,33,1,36742,7679.0,7679.0,7676.75,7677.25,52,NQ.v.0
2019-06-19 05:52:00+00:00,33,1,36742,7677.5,7678.0,7677.5,7678.0,28,NQ.v.0
2019-06-19 05:53:00+00:00,33,1,36742,7677.75,7677.75,7677.0,7677.5,27,NQ.v.0
2019-06-19 05:54:00+00:00,33,1,36742,7677.25,7677.5,7676.5,7676.75,40,NQ.v.0
2019-06-19 05:55:00+00:00,33,1,36742,7676.25,7677.25,7676.25,7676.5,51,NQ.v.0
2019-06-19 05:56:00+00:00,33,1,36742,7676.75,7677.25,7676.75,7677.25,15,NQ.v.0
2019-06-19 05:57:00+00:00,33,1,36742,7677.5,7678.5,7677.5,7677.75,39,NQ.v.0
2019-06-19 05:58:00+00:00,33,1,36742,7677.5,7677.75,7676.5,7677.0,20,NQ.v.0
2019-06-19 05:59:00+00:00,33,1,36742,7676.75,7677.25,7676.5,7677.0,58,NQ.v.0
2019-06-19 06:00:00+00:00,33,1,36742,7677.0,7677.75,7676.25,7676.5,100,NQ.v.0
2019-06-19 06:01:00+00:00,33,1,36742,7676.75,7679.25,7676.75,7679.25,51,NQ.v.0
2019-06-19 06:02:00+00:00,33,1,36742,7679.0,7679.25,7678.0,7678.25,114,NQ.v.0
2019-06-19 06:03:00+00:00,33,1,36742,7678.0,7679.25,7678.0,7679.25,31,NQ.v.0
2019-06-19 06:04:00+00:00,33,1,36742,7679.25,7679.25,7678.25,7678.5,24,NQ.v.0
2019-06-19 06:05:00+00:00,33,1,36742,7678.5,7678.75,7678.5,7678.5,23,NQ.v.0
2019-06-19 06:06:00+00:00,33,1,36742,7678.25,7678.75,7677.75,7678.5,54,NQ.v.0
2019-06-19 06:07:00+00:00,33,1,36742,7678.25,7678.75,7677.25,7678.75,35,NQ.v.0
2019-06-19 06:08:00+00:00,33,1,36742,7678.75,7679.0,7678.5,7678.5,25,NQ.v.0
2019-06-19 06:09:00+00:00,33,1,36742,7677.75,7678.0,7677.0,7677.5,55,NQ.v.0
2019-06-19 06:10:00+00:00,33,1,36742,7677.0,7677.25,7675.75,7676.0,58,NQ.v.0
2019-06-19 06:11:00+00:00,33,1,36742,7676.0,7676.75,7675.75,7676.5,46,NQ.v.0
2019-06-19 06:12:00+00:00,33,1,36742,7676.25,7677.75,7676.25,7677.75,22,NQ.v.0
2019-06-19 06:13:00+00:00,33,1,36742,7677.25,7678.0,7677.0,7677.0,25,NQ.v.0
2019-06-19 06:14:00+00:00,33,1,36742,7677.25,7678.0,7677.25,7677.75,20,NQ.v.0
2019-06-19 06:15:00+00:00,33,1,36742,7678.0,7678.75,7677.75,7678.25,27,NQ.v.0
2019-06-19 06:16:00+00:00,33,1,36742,7678.0,7678.5,7677.5,7678.0,49,NQ.v.0
2019-06-19 06:17:00+00:00,33,1,36742,7678.5,7679.75,7678.5,7679.0,54,NQ.v.0
2019-06-19 06:18:00+00:00,33,1,36742,7679.0,7679.25,7678.5,7678.75,43,NQ.v.0
2019-06-19 06:19:00+00:00,33,1,36742,7678.5,7680.25,7678.5,7680.25,50,NQ.v.0
2019-06-19 06:20:00+00:00,33,1,36742,7680.25,7680.25,7678.5,7679.0,61,NQ.v.0
2019-06-19 06:21:00+00:00,33,1,36742,7678.75,7679.5,7678.75,7679.25,55,NQ.v.0
2019-06-19 06:22:00+00:00,33,1,36742,7679.25,7679.25,7678.75,7679.0,39,NQ.v.0
2019-06-19 06:23:00+00:00,33,1,36742,7678.75,7678.75,7678.75,7678.75,6,NQ.v.0
2019-06-19 06:24:00+00:00,33,1,36742,7678.5,7679.5,7678.5,7679.5,35,NQ.v.0
2019-06-19 06:25:00+00:00,33,1,36742,7679.75,7680.0,7679.5,7679.75,18,NQ.v.0
2019-06-19 06:26:00+00:00,33,1,36742,7680.0,7681.5,7680.0,7681.0,63,NQ.v.0
2019-06-19 06:27:00+00:00,33,1,36742,7681.0,7681.5,7680.5,7680.75,54,NQ.v.0
2019-06-19 06:28:00+00:00,33,1,36742,7680.5,7682.75,7680.5,7682.5,133,NQ.v.0
2019-06-19 06:29:00+00:00,33,1,36742,7682.75,7683.0,7682.0,7682.0,46,NQ.v.0
2019-06-19 06:30:00+00:00,33,1,36742,7682.0,7682.5,7681.5,7682.25,37,NQ.v.0
2019-06-19 06:31:00+00:00,33,1,36742,7682.5,7682.5,7681.5,7681.5,46,NQ.v.0
2019-06-19 06:32:00+00:00,33,1,36742,7681.5,7681.5,7681.0,7681.0,19,NQ.v.0
2019-06-19 06:33:00+00:00,33,1,36742,7681.0,7681.0,7678.75,7679.0,85,NQ.v.0
2019-06-19 06:34:00+00:00,33,1,36742,7679.25,7679.75,7678.5,7679.75,49,NQ.v.0
2019-06-19 06:35:00+00:00,33,1,36742,7679.25,7679.25,7678.0,7678.0,34,NQ.v.0
2019-06-19 06:36:00+00:00,33,1,36742,7678.0,7678.25,7677.25,7677.5,41,NQ.v.0
2019-06-19 06:37:00+00:00,33,1,36742,7678.0,7678.25,7677.75,7678.0,37,NQ.v.0
2019-06-19 06:38:00+00:00,33,1,36742,7678.0,7678.0,7677.5,7678.0,33,NQ.v.0
2019-06-19 06:39:00+00:00,33,1,36742,7678.0,7678.25,7677.25,7677.5,31,NQ.v.0
2019-06-19 06:40:00+00:00,33,1,36742,7677.25,7677.5,7676.75,7677.0,29,NQ.v.0
2019-06-19 06:41:00+00:00,33,1,36742,7676.75,7677.75,7676.5,7677.75,27,NQ.v.0
2019-06-19 06:42:00+00:00,33,1,36742,7677.5,7678.25,7677.25,7678.0,18,NQ.v.0
2019-06-19 06:43:00+00:00,33,1,36742,7678.25,7678.75,7677.75,7677.75,47,NQ.v.0
2019-06-19 06:44:00+00:00,33,1,36742,7677.75,7677.75,7676.25,7676.5,32,NQ.v.0
2019-06-19 06:45:00+00:00,33,1,36742,7676.75,7677.0,7676.25,7676.5,27,NQ.v.0
2019-06-19 06:46:00+00:00,33,1,36742,7676.25,7677.0,7676.25,7676.75,30,NQ.v.0
2019-06-19 06:47:00+00:00,33,1,36742,7676.75,7677.5,7676.75,7677.0,14,NQ.v.0
2019-06-19 06:48:00+00:00,33,1,36742,7677.5,7678.5,7677.5,7678.5,41,NQ.v.0
2019-06-19 06:49:00+00:00,33,1,36742,7679.0,7679.5,7678.5,7679.25,39,NQ.v.0
2019-06-19 06:50:00+00:00,33,1,36742,7679.5,7679.75,7678.0,7678.25,34,NQ.v.0
2019-06-19 06:51:00+00:00,33,1,36742,7678.0,7678.25,7678.0,7678.25,5,NQ.v.0
2019-06-19 06:52:00+00:00,33,1,36742,7678.0,7678.5,7677.75,7678.25,30,NQ.v.0
2019-06-19 06:53:00+00:00,33,1,36742,7678.25,7678.25,7678.0,7678.25,6,NQ.v.0
2019-06-19 06:54:00+00:00,33,1,36742,7677.75,7678.0,7677.5,7678.0,10,NQ.v.0
2019-06-19 06:55:00+00:00,33,1,36742,7677.75,7678.25,7677.5,7677.5,27,NQ.v.0
2019-06-19 06:56:00+00:00,33,1,36742,7677.5,7677.5,7676.25,7676.75,68,NQ.v.0
2019-06-19 06:57:00+00:00,33,1,36742,7676.25,7677.25,7676.25,7677.0,38,NQ.v.0
2019-06-19 06:58:00+00:00,33,1,36742,7677.0,7677.75,7676.75,7677.0,45,NQ.v.0
2019-06-19 06:59:00+00:00,33,1,36742,7677.0,7677.0,7676.0,7676.0,32,NQ.v.0
2019-06-19 07:00:00+00:00,33,1,36742,7675.75,7678.5,7674.75,7678.25,235,NQ.v.0
2019-06-19 07:01:00+00:00,33,1,36742,7678.5,7680.25,7678.5,7679.5,69,NQ.v.0
2019-06-19 07:02:00+00:00,33,1,36742,7679.75,7681.0,7679.0,7681.0,151,NQ.v.0
2019-06-19 07:03:00+00:00,33,1,36742,7681.25,7682.75,7681.25,7682.25,67,NQ.v.0
2019-06-19 07:04:00+00:00,33,1,36742,7682.0,7683.0,7682.0,7683.0,64,NQ.v.0
2019-06-19 07:05:00+00:00,33,1,36742,7682.5,7683.0,7681.75,7682.25,106,NQ.v.0
2019-06-19 07:06:00+00:00,33,1,36742,7682.5,7682.75,7679.75,7680.5,140,NQ.v.0
2019-06-19 07:07:00+00:00,33,1,36742,7680.5,7681.25,7679.75,7680.5,89,NQ.v.0
2019-06-19 07:08:00+00:00,33,1,36742,7680.25,7681.5,7680.0,7681.0,50,NQ.v.0
2019-06-19 07:09:00+00:00,33,1,36742,7681.25,7681.25,7678.5,7678.75,96,NQ.v.0
2019-06-19 07:10:00+00:00,33,1,36742,7679.0,7679.5,7677.5,7678.5,80,NQ.v.0
2019-06-19 07:11:00+00:00,33,1,36742,7678.0,7678.0,7677.25,7677.5,33,NQ.v.0
2019-06-19 07:12:00+00:00,33,1,36742,7677.0,7677.25,7676.25,7676.25,54,NQ.v.0
2019-06-19 07:13:00+00:00,33,1,36742,7676.25,7676.75,7675.5,7676.0,51,NQ.v.0
2019-06-19 07:14:00+00:00,33,1,36742,7676.0,7676.75,7675.75,7676.5,49,NQ.v.0
2019-06-19 07:15:00+00:00,33,1,36742,7676.25,7677.5,7675.5,7677.5,78,NQ.v.0
2019-06-19 07:16:00+00:00,33,1,36742,7677.5,7678.0,7676.5,7677.0,44,NQ.v.0
2019-06-19 07:17:00+00:00,33,1,36742,7676.75,7677.0,7676.5,7676.5,38,NQ.v.0
2019-06-19 07:18:00+00:00,33,1,36742,7676.75,7677.0,7676.25,7677.0,40,NQ.v.0
2019-06-19 07:19:00+00:00,33,1,36742,7677.0,7678.75,7677.0,7678.0,69,NQ.v.0
2019-06-19 07:20:00+00:00,33,1,36742,7678.0,7678.0,7677.0,7677.25,37,NQ.v.0
2019-06-19 07:21:00+00:00,33,1,36742,7677.25,7677.75,7677.0,7677.75,25,NQ.v.0
2019-06-19 07:22:00+00:00,33,1,36742,7677.5,7677.5,7676.5,7677.0,31,NQ.v.0
2019-06-19 07:23:00+00:00,33,1,36742,7677.25,7678.0,7677.25,7677.5,18,NQ.v.0
2019-06-19 07:24:00+00:00,33,1,36742,7677.25,7677.5,7676.75,7676.75,32,NQ.v.0
2019-06-19 07:25:00+00:00,33,1,36742,7676.75,7678.0,7676.5,7677.25,59,NQ.v.0
2019-06-19 07:26:00+00:00,33,1,36742,7677.25,7677.5,7676.25,7676.75,30,NQ.v.0
2019-06-19 07:27:00+00:00,33,1,36742,7676.5,7677.0,7676.0,7676.0,20,NQ.v.0
2019-06-19 07:28:00+00:00,33,1,36742,7676.0,7677.0,7676.0,7677.0,38,NQ.v.0
2019-06-19 07:29:00+00:00,33,1,36742,7678.0,7680.5,7678.0,7679.0,104,NQ.v.0
2019-06-19 07:30:00+00:00,33,1,36742,7679.0,7681.5,7679.0,7681.25,63,NQ.v.0
2019-06-19 07:31:00+00:00,33,1,36742,7681.0,7682.75,7681.0,7682.25,80,NQ.v.0
2019-06-19 07:32:00+00:00,33,1,36742,7682.0,7682.75,7679.0,7680.5,242,NQ.v.0
2019-06-19 07:33:00+00:00,33,1,36742,7680.25,7682.5,7679.75,7681.75,54,NQ.v.0
2019-06-19 07:34:00+00:00,33,1,36742,7681.5,7683.0,7681.5,7682.0,111,NQ.v.0
2019-06-19 07:35:00+00:00,33,1,36742,7682.25,7682.25,7680.25,7680.5,60,NQ.v.0
2019-06-19 07:36:00+00:00,33,1,36742,7680.75,7680.75,7679.75,7679.75,47,NQ.v.0
2019-06-19 07:37:00+00:00,33,1,36742,7679.75,7681.75,7679.0,7681.0,76,NQ.v.0
2019-06-19 07:38:00+00:00,33,1,36742,7681.0,7681.5,7681.0,7681.25,8,NQ.v.0
2019-06-19 07:39:00+00:00,33,1,36742,7681.25,7681.5,7681.0,7681.0,22,NQ.v.0
2019-06-19 07:40:00+00:00,33,1,36742,7680.75,7681.5,7679.75,7681.5,62,NQ.v.0
2019-06-19 07:41:00+00:00,33,1,36742,7681.25,7681.25,7680.5,7680.5,20,NQ.v.0
2019-06-19 07:42:00+00:00,33,1,36742,7680.25,7680.25,7679.5,7680.25,40,NQ.v.0
2019-06-19 07:43:00+00:00,33,1,36742,7680.25,7680.5,7678.5,7679.0,40,NQ.v.0
2019-06-19 07:44:00+00:00,33,1,36742,7679.25,7679.75,7678.25,7678.5,42,NQ.v.0
2019-06-19 07:45:00+00:00,33,1,36742,7678.75,7679.5,7678.5,7678.5,31,NQ.v.0
2019-06-19 07:46:00+00:00,33,1,36742,7678.25,7678.25,7677.5,7677.5,38,NQ.v.0
2019-06-19 07:47:00+00:00,33,1,36742,7677.75,7678.75,7677.75,7678.0,43,NQ.v.0
2019-06-19 07:48:00+00:00,33,1,36742,7678.0,7678.75,7677.5,7678.0,93,NQ.v.0
2019-06-19 07:49:00+00:00,33,1,36742,7677.75,7678.25,7677.5,7677.75,11,NQ.v.0
2019-06-19 07:50:00+00:00,33,1,36742,7677.5,7677.75,7677.25,7677.75,20,NQ.v.0
2019-06-19 07:51:00+00:00,33,1,36742,7677.75,7678.5,7677.75,7678.0,12,NQ.v.0
2019-06-19 07:52:00+00:00,33,1,36742,7677.75,7678.75,7677.75,7678.5,19,NQ.v.0
2019-06-19 07:53:00+00:00,33,1,36742,7678.5,7678.5,7677.5,7677.5,26,NQ.v.0
2019-06-19 07:54:00+00:00,33,1,36742,7677.5,7678.5,7677.25,7678.5,51,NQ.v.0
2019-06-19 07:55:00+00:00,33,1,36742,7679.0,7679.5,7678.5,7679.0,43,NQ.v.0
2019-06-19 07:56:00+00:00,33,1,36742,7679.0,7679.0,7678.25,7678.75,17,NQ.v.0
2019-06-19 07:57:00+00:00,33,1,36742,7678.5,7679.75,7678.25,7679.5,42,NQ.v.0
2019-06-19 07:58:00+00:00,33,1,36742,7679.75,7680.5,7679.25,7679.25,15,NQ.v.0
2019-06-19 07:59:00+00:00,33,1,36742,7679.0,7679.0,7678.25,7678.5,18,NQ.v.0
2019-06-19 08:00:00+00:00,33,1,36742,7678.75,7678.75,7677.75,7678.25,38,NQ.v.0
2019-06-19 08:01:00+00:00,33,1,36742,7678.25,7682.5,7678.0,7682.25,206,NQ.v.0
2019-06-19 08:02:00+00:00,33,1,36742,7682.0,7682.5,7680.0,7680.25,52,NQ.v.0
2019-06-19 08:03:00+00:00,33,1,36742,7680.25,7680.75,7679.0,7679.25,80,NQ.v.0
2019-06-19 08:04:00+00:00,33,1,36742,7679.25,7680.25,7679.0,7679.5,89,NQ.v.0
2019-06-19 08:05:00+00:00,33,1,36742,7679.75,7680.25,7679.5,7680.0,107,NQ.v.0
2019-06-19 08:06:00+00:00,33,1,36742,7679.5,7679.75,7678.75,7678.75,70,NQ.v.0
2019-06-19 08:07:00+00:00,33,1,36742,7678.75,7679.25,7678.25,7679.25,37,NQ.v.0
2019-06-19 08:08:00+00:00,33,1,36742,7679.25,7679.5,7678.5,7679.25,85,NQ.v.0
2019-06-19 08:09:00+00:00,33,1,36742,7679.25,7679.75,7678.75,7679.25,50,NQ.v.0
2019-06-19 08:10:00+00:00,33,1,36742,7679.25,7679.75,7679.0,7679.25,37,NQ.v.0
2019-06-19 08:11:00+00:00,33,1,36742,7679.25,7679.75,7678.75,7679.75,41,NQ.v.0
2019-06-19 08:12:00+00:00,33,1,36742,7679.75,7680.0,7679.5,7679.75,42,NQ.v.0
2019-06-19 08:13:00+00:00,33,1,36742,7679.5,7680.0,7678.5,7679.25,148,NQ.v.0
2019-06-19 08:14:00+00:00,33,1,36742,7679.0,7679.75,7678.75,7679.25,35,NQ.v.0
2019-06-19 08:15:00+00:00,33,1,36742,7679.25,7680.0,7679.0,7679.5,79,NQ.v.0
2019-06-19 08:16:00+00:00,33,1,36742,7679.25,7679.75,7679.25,7679.5,15,NQ.v.0
2019-06-19 08:17:00+00:00,33,1,36742,7679.75,7680.0,7679.5,7679.75,41,NQ.v.0
2019-06-19 08:18:00+00:00,33,1,36742,7680.0,7680.0,7678.75,7679.5,48,NQ.v.0
2019-06-19 08:19:00+00:00,33,1,36742,7679.5,7679.75,7677.25,7677.75,186,NQ.v.0
2019-06-19 08:20:00+00:00,33,1,36742,7677.5,7680.25,7675.0,7679.75,242,NQ.v.0
2019-06-19 08:21:00+00:00,33,1,36742,7679.5,7679.5,7678.75,7679.0,37,NQ.v.0
2019-06-19 08:22:00+00:00,33,1,36742,7679.0,7679.5,7678.75,7679.5,30,NQ.v.0
2019-06-19 08:23:00+00:00,33,1,36742,7679.5,7679.75,7678.5,7679.25,121,NQ.v.0
2019-06-19 08:24:00+00:00,33,1,36742,7679.0,7681.25,7678.5,7681.0,209,NQ.v.0
2019-06-19 08:25:00+00:00,33,1,36742,7680.75,7681.5,7679.75,7681.0,268,NQ.v.0
2019-06-19 08:26:00+00:00,33,1,36742,7680.75,7682.0,7679.75,7680.5,221,NQ.v.0
2019-06-19 08:27:00+00:00,33,1,36742,7680.5,7681.5,7679.5,7681.5,172,NQ.v.0
2019-06-19 08:28:00+00:00,33,1,36742,7681.25,7681.5,7680.75,7681.5,41,NQ.v.0
2019-06-19 08:29:00+00:00,33,1,36742,7681.75,7681.75,7679.75,7680.25,74,NQ.v.0
2019-06-19 08:30:00+00:00,33,1,36742,7679.25,7681.25,7677.75,7680.75,148,NQ.v.0
2019-06-19 08:31:00+00:00,33,1,36742,7681.0,7681.75,7679.75,7679.75,86,NQ.v.0
2019-06-19 08:32:00+00:00,33,1,36742,7679.25,7680.5,7678.75,7679.25,83,NQ.v.0
2019-06-19 08:33:00+00:00,33,1,36742,7679.0,7679.0,7677.25,7677.75,205,NQ.v.0
2019-06-19 08:34:00+00:00,33,1,36742,7677.5,7679.0,7677.5,7678.5,61,NQ.v.0
2019-06-19 08:35:00+00:00,33,1,36742,7678.5,7679.25,7677.75,7678.5,62,NQ.v.0
2019-06-19 08:36:00+00:00,33,1,36742,7678.25,7678.5,7676.75,7677.0,128,NQ.v.0
2019-06-19 08:37:00+00:00,33,1,36742,7677.0,7678.5,7677.0,7677.75,49,NQ.v.0
2019-06-19 08:38:00+00:00,33,1,36742,7677.75,7678.5,7677.25,7678.5,33,NQ.v.0
2019-06-19 08:39:00+00:00,33,1,36742,7678.5,7678.5,7677.25,7678.0,37,NQ.v.0
2019-06-19 08:40:00+00:00,33,1,36742,7677.25,7678.75,7677.25,7678.5,61,NQ.v.0
2019-06-19 08:41:00+00:00,33,1,36742,7678.5,7678.5,7677.25,7677.25,49,NQ.v.0
2019-06-19 08:42:00+00:00,33,1,36742,7677.25,7679.5,7677.25,7677.75,93,NQ.v.0
2019-06-19 08:43:00+00:00,33,1,36742,7677.5,7678.0,7676.5,7676.75,73,NQ.v.0
2019-06-19 08:44:00+00:00,33,1,36742,7677.0,7677.5,7676.5,7676.5,92,NQ.v.0
2019-06-19 08:45:00+00:00,33,1,36742,7676.5,7676.5,7674.25,7676.0,178,NQ.v.0
2019-06-19 08:46:00+00:00,33,1,36742,7675.75,7677.25,7675.25,7675.5,70,NQ.v.0
2019-06-19 08:47:00+00:00,33,1,36742,7675.5,7676.5,7675.5,7676.5,41,NQ.v.0
2019-06-19 08:48:00+00:00,33,1,36742,7676.5,7676.5,7676.0,7676.0,19,NQ.v.0
2019-06-19 08:49:00+00:00,33,1,36742,7676.0,7676.5,7675.5,7675.75,42,NQ.v.0
2019-06-19 08:50:00+00:00,33,1,36742,7676.0,7676.25,7675.0,7675.25,26,NQ.v.0
2019-06-19 08:51:00+00:00,33,1,36742,7675.25,7675.25,7672.25,7672.25,113,NQ.v.0
2019-06-19 08:52:00+00:00,33,1,36742,7672.0,7673.25,7670.75,7673.0,106,NQ.v.0
2019-06-19 08:53:00+00:00,33,1,36742,7673.0,7673.25,7672.5,7672.75,64,NQ.v.0
2019-06-19 08:54:00+00:00,33,1,36742,7672.25,7672.5,7670.25,7670.5,110,NQ.v.0
2019-06-19 08:55:00+00:00,33,1,36742,7670.5,7671.0,7668.75,7669.0,158,NQ.v.0
2019-06-19 08:56:00+00:00,33,1,36742,7668.75,7671.0,7667.75,7670.75,292,NQ.v.0
2019-06-19 08:57:00+00:00,33,1,36742,7670.75,7672.75,7670.5,7672.25,59,NQ.v.0
2019-06-19 08:58:00+00:00,33,1,36742,7672.5,7672.5,7671.25,7671.75,25,NQ.v.0
2019-06-19 08:59:00+00:00,33,1,36742,7672.0,7672.5,7671.5,7672.5,56,NQ.v.0
2019-06-19 09:00:00+00:00,33,1,36742,7672.5,7672.75,7670.75,7671.0,56,NQ.v.0
2019-06-19 09:01:00+00:00,33,1,36742,7670.75,7671.0,7670.25,7671.0,29,NQ.v.0
2019-06-19 09:02:00+00:00,33,1,36742,7671.5,7672.5,7671.5,7672.5,39,NQ.v.0
2019-06-19 09:03:00+00:00,33,1,36742,7672.25,7672.5,7671.0,7672.5,33,NQ.v.0
2019-06-19 09:04:00+00:00,33,1,36742,7672.0,7673.5,7672.0,7673.25,26,NQ.v.0
2019-06-19 09:05:00+00:00,33,1,36742,7672.75,7673.25,7672.25,7673.0,25,NQ.v.0
2019-06-19 09:06:00+00:00,33,1,36742,7672.75,7673.25,7672.25,7673.0,37,NQ.v.0
2019-06-19 09:07:00+00:00,33,1,36742,7673.0,7673.5,7672.75,7673.5,22,NQ.v.0
2019-06-19 09:08:00+00:00,33,1,36742,7673.75,7675.75,7673.5,7675.25,69,NQ.v.0
2019-06-19 09:09:00+00:00,33,1,36742,7675.0,7675.5,7674.75,7674.75,40,NQ.v.0
2019-06-19 09:10:00+00:00,33,1,36742,7674.75,7677.5,7674.75,7676.75,83,NQ.v.0
2019-06-19 09:11:00+00:00,33,1,36742,7676.5,7679.75,7676.5,7679.5,162,NQ.v.0
2019-06-19 09:12:00+00:00,33,1,36742,7680.0,7680.0,7678.75,7678.75,31,NQ.v.0
2019-06-19 09:13:00+00:00,33,1,36742,7678.75,7678.75,7676.75,7678.0,78,NQ.v.0
2019-06-19 09:14:00+00:00,33,1,36742,7677.75,7677.75,7676.0,7676.75,38,NQ.v.0
2019-06-19 09:15:00+00:00,33,1,36742,7676.5,7676.5,7675.75,7676.25,24,NQ.v.0
2019-06-19 09:16:00+00:00,33,1,36742,7676.5,7677.25,7675.5,7675.5,33,NQ.v.0
2019-06-19 09:17:00+00:00,33,1,36742,7675.75,7675.75,7674.25,7674.5,53,NQ.v.0
2019-06-19 09:18:00+00:00,33,1,36742,7675.0,7675.75,7674.25,7675.25,161,NQ.v.0
2019-06-19 09:19:00+00:00,33,1,36742,7675.0,7675.25,7673.0,7673.0,76,NQ.v.0
2019-06-19 09:20:00+00:00,33,1,36742,7673.0,7673.0,7672.0,7672.5,106,NQ.v.0
2019-06-19 09:21:00+00:00,33,1,36742,7672.5,7673.5,7672.25,7672.5,96,NQ.v.0
2019-06-19 09:22:00+00:00,33,1,36742,7672.25,7675.0,7672.25,7674.25,121,NQ.v.0
2019-06-19 09:23:00+00:00,33,1,36742,7674.25,7674.25,7673.0,7673.5,58,NQ.v.0
2019-06-19 09:24:00+00:00,33,1,36742,7673.5,7674.0,7673.25,7673.75,31,NQ.v.0
2019-06-19 09:25:00+00:00,33,1,36742,7673.75,7674.25,7673.5,7674.25,20,NQ.v.0
2019-06-19 09:26:00+00:00,33,1,36742,7674.0,7675.75,7674.0,7675.75,58,NQ.v.0
2019-06-19 09:27:00+00:00,33,1,36742,7675.75,7678.5,7663.0,7669.0,1904,NQ.v.0
2019-06-19 09:28:00+00:00,33,1,36742,7668.5,7669.25,7664.75,7668.25,288,NQ.v.0
2019-06-19 09:29:00+00:00,33,1,36742,7668.25,7669.5,7667.75,7669.25,94,NQ.v.0
2019-06-19 09:30:00+00:00,33,1,36742,7669.75,7670.0,7668.5,7670.0,57,NQ.v.0
2019-06-19 09:31:00+00:00,33,1,36742,7670.0,7671.0,7669.75,7670.75,56,NQ.v.0
2019-06-19 09:32:00+00:00,33,1,36742,7670.75,7671.0,7670.25,7670.75,73,NQ.v.0
2019-06-19 09:33:00+00:00,33,1,36742,7670.5,7672.25,7670.25,7670.75,92,NQ.v.0
2019-06-19 09:34:00+00:00,33,1,36742,7671.0,7672.25,7670.75,7672.25,36,NQ.v.0
2019-06-19 09:35:00+00:00,33,1,36742,7672.25,7672.25,7671.25,7671.75,26,NQ.v.0
2019-06-19 09:36:00+00:00,33,1,36742,7671.75,7672.5,7670.25,7672.0,65,NQ.v.0
2019-06-19 09:37:00+00:00,33,1,36742,7672.5,7674.0,7672.5,7673.75,42,NQ.v.0
2019-06-19 09:38:00+00:00,33,1,36742,7674.0,7674.25,7673.0,7674.25,63,NQ.v.0
2019-06-19 09:39:00+00:00,33,1,36742,7674.5,7674.75,7673.75,7674.25,38,NQ.v.0
2019-06-19 09:40:00+00:00,33,1,36742,7674.25,7674.75,7673.25,7673.5,78,NQ.v.0
2019-06-19 09:41:00+00:00,33,1,36742,7673.5,7674.25,7672.5,7673.75,35,NQ.v.0
2019-06-19 09:42:00+00:00,33,1,36742,7673.75,7674.25,7672.75,7674.25,34,NQ.v.0
2019-06-19 09:43:00+00:00,33,1,36742,7674.25,7674.75,7671.75,7671.75,87,NQ.v.0
2019-06-19 09:44:00+00:00,33,1,36742,7672.0,7672.5,7671.5,7672.5,17,NQ.v.0
2019-06-19 09:45:00+00:00,33,1,36742,7672.5,7673.25,7672.0,7673.0,22,NQ.v.0
2019-06-19 09:46:00+00:00,33,1,36742,7673.0,7673.0,7672.25,7673.0,24,NQ.v.0
2019-06-19 09:47:00+00:00,33,1,36742,7673.75,7674.5,7673.25,7673.75,115,NQ.v.0
2019-06-19 09:48:00+00:00,33,1,36742,7673.75,7677.25,7673.75,7676.75,217,NQ.v.0
2019-06-19 09:49:00+00:00,33,1,36742,7676.25,7676.25,7675.75,7676.0,53,NQ.v.0
2019-06-19 09:50:00+00:00,33,1,36742,7676.0,7676.25,7675.75,7676.0,31,NQ.v.0
2019-06-19 09:51:00+00:00,33,1,36742,7676.0,7676.75,7675.75,7676.75,43,NQ.v.0
2019-06-19 09:52:00+00:00,33,1,36742,7677.0,7677.25,7675.75,7675.75,54,NQ.v.0
2019-06-19 09:53:00+00:00,33,1,36742,7675.75,7675.75,7674.75,7675.75,48,NQ.v.0
2019-06-19 09:54:00+00:00,33,1,36742,7675.75,7675.75,7674.75,7675.25,72,NQ.v.0
2019-06-19 09:55:00+00:00,33,1,36742,7675.25,7676.25,7675.0,7676.0,57,NQ.v.0
2019-06-19 09:56:00+00:00,33,1,36742,7676.5,7677.0,7676.0,7676.5,43,NQ.v.0
2019-06-19 09:57:00+00:00,33,1,36742,7676.5,7677.0,7675.5,7675.5,31,NQ.v.0
2019-06-19 09:58:00+00:00,33,1,36742,7675.25,7676.0,7675.25,7675.5,17,NQ.v.0
2019-06-19 09:59:00+00:00,33,1,36742,7675.75,7676.25,7675.5,7676.25,32,NQ.v.0
2019-06-19 10:00:00+00:00,33,1,36742,7676.75,7677.0,7674.25,7674.25,73,NQ.v.0
2019-06-19 10:01:00+00:00,33,1,36742,7674.0,7674.5,7673.25,7673.5,59,NQ.v.0
2019-06-19 10:02:00+00:00,33,1,36742,7674.0,7674.5,7673.25,7674.0,64,NQ.v.0
2019-06-19 10:03:00+00:00,33,1,36742,7674.0,7674.0,7672.75,7673.75,23,NQ.v.0
2019-06-19 10:04:00+00:00,33,1,36742,7674.0,7674.25,7673.5,7673.5,26,NQ.v.0
2019-06-19 10:05:00+00:00,33,1,36742,7673.5,7673.75,7672.5,7673.0,65,NQ.v.0
2019-06-19 10:06:00+00:00,33,1,36742,7673.0,7673.0,7672.25,7672.5,57,NQ.v.0
2019-06-19 10:07:00+00:00,33,1,36742,7672.25,7672.25,7669.75,7671.0,138,NQ.v.0
2019-06-19 10:08:00+00:00,33,1,36742,7671.25,7671.5,7670.0,7670.5,62,NQ.v.0
2019-06-19 10:09:00+00:00,33,1,36742,7670.75,7671.0,7669.75,7669.75,53,NQ.v.0
2019-06-19 10:10:00+00:00,33,1,36742,7669.75,7671.0,7668.75,7671.0,161,NQ.v.0
2019-06-19 10:11:00+00:00,33,1,36742,7670.75,7671.25,7670.0,7671.25,73,NQ.v.0
2019-06-19 10:12:00+00:00,33,1,36742,7671.5,7672.75,7671.0,7672.25,48,NQ.v.0
2019-06-19 10:13:00+00:00,33,1,36742,7672.25,7674.75,7672.25,7674.5,69,NQ.v.0
2019-06-19 10:14:00+00:00,33,1,36742,7675.0,7675.25,7673.25,7673.25,26,NQ.v.0
2019-06-19 10:15:00+00:00,33,1,36742,7673.5,7673.5,7672.5,7672.75,30,NQ.v.0
2019-06-19 10:16:00+00:00,33,1,36742,7672.75,7673.0,7672.25,7673.0,21,NQ.v.0
2019-06-19 10:17:00+00:00,33,1,36742,7673.25,7673.5,7672.0,7672.5,25,NQ.v.0
2019-06-19 10:18:00+00:00,33,1,36742,7672.5,7675.25,7672.0,7674.75,54,NQ.v.0
2019-06-19 10:19:00+00:00,33,1,36742,7674.75,7676.25,7674.75,7676.25,61,NQ.v.0
2019-06-19 10:20:00+00:00,33,1,36742,7676.0,7677.25,7675.75,7676.5,99,NQ.v.0
2019-06-19 10:21:00+00:00,33,1,36742,7676.25,7677.5,7674.0,7674.0,199,NQ.v.0
2019-06-19 10:22:00+00:00,33,1,36742,7674.25,7676.0,7673.5,7675.75,81,NQ.v.0
2019-06-19 10:23:00+00:00,33,1,36742,7675.75,7677.0,7675.5,7677.0,39,NQ.v.0
2019-06-19 10:24:00+00:00,33,1,36742,7677.0,7677.0,7676.5,7677.0,18,NQ.v.0
2019-06-19 10:25:00+00:00,33,1,36742,7676.5,7676.5,7675.75,7676.5,13,NQ.v.0
2019-06-19 10:26:00+00:00,33,1,36742,7676.25,7677.0,7675.25,7676.5,36,NQ.v.0
2019-06-19 10:27:00+00:00,33,1,36742,7676.5,7677.25,7675.75,7677.25,21,NQ.v.0
2019-06-19 10:28:00+00:00,33,1,36742,7677.25,7677.25,7676.5,7677.25,12,NQ.v.0
2019-06-19 10:29:00+00:00,33,1,36742,7676.75,7677.0,7676.5,7676.75,33,NQ.v.0
2019-06-19 10:30:00+00:00,33,1,36742,7677.0,7677.0,7676.25,7676.75,66,NQ.v.0
2019-06-19 10:31:00+00:00,33,1,36742,7677.0,7679.5,7677.0,7679.0,154,NQ.v.0
2019-06-19 10:32:00+00:00,33,1,36742,7679.25,7681.5,7679.25,7681.0,189,NQ.v.0
2019-06-19 10:33:00+00:00,33,1,36742,7681.0,7681.25,7679.5,7679.5,48,NQ.v.0
2019-06-19 10:34:00+00:00,33,1,36742,7679.75,7680.0,7678.5,7680.0,58,NQ.v.0
2019-06-19 10:35:00+00:00,33,1,36742,7680.0,7680.75,7680.0,7680.75,26,NQ.v.0
2019-06-19 10:36:00+00:00,33,1,36742,7680.75,7681.25,7680.5,7681.25,29,NQ.v.0
2019-06-19 10:37:00+00:00,33,1,36742,7681.25,7681.5,7680.0,7680.5,91,NQ.v.0
2019-06-19 10:38:00+00:00,33,1,36742,7680.75,7680.75,7679.5,7679.5,107,NQ.v.0
2019-06-19 10:39:00+00:00,33,1,36742,7679.5,7679.5,7678.75,7679.25,62,NQ.v.0
2019-06-19 10:40:00+00:00,33,1,36742,7679.0,7679.0,7676.5,7676.75,122,NQ.v.0
2019-06-19 10:41:00+00:00,33,1,36742,7677.0,7677.75,7676.75,7676.75,40,NQ.v.0
2019-06-19 10:42:00+00:00,33,1,36742,7677.0,7678.0,7675.75,7675.75,70,NQ.v.0
2019-06-19 10:43:00+00:00,33,1,36742,7675.5,7675.75,7675.0,7675.0,47,NQ.v.0
2019-06-19 10:44:00+00:00,33,1,36742,7674.75,7675.75,7674.75,7675.5,30,NQ.v.0
2019-06-19 10:45:00+00:00,33,1,36742,7675.75,7675.75,7672.5,7674.25,84,NQ.v.0
2019-06-19 10:46:00+00:00,33,1,36742,7674.5,7675.5,7674.5,7674.75,39,NQ.v.0
2019-06-19 10:47:00+00:00,33,1,36742,7674.75,7676.75,7674.5,7676.75,46,NQ.v.0
2019-06-19 10:48:00+00:00,33,1,36742,7676.5,7676.5,7675.75,7675.75,20,NQ.v.0
2019-06-19 10:49:00+00:00,33,1,36742,7676.0,7676.25,7675.25,7676.0,29,NQ.v.0
2019-06-19 10:50:00+00:00,33,1,36742,7676.25,7677.75,7675.5,7677.25,104,NQ.v.0
2019-06-19 10:51:00+00:00,33,1,36742,7677.25,7679.0,7677.0,7678.5,73,NQ.v.0
2019-06-19 10:52:00+00:00,33,1,36742,7678.75,7679.75,7678.75,7679.5,37,NQ.v.0
2019-06-19 10:53:00+00:00,33,1,36742,7679.75,7680.0,7678.5,7679.75,51,NQ.v.0
2019-06-19 10:54:00+00:00,33,1,36742,7679.75,7680.25,7678.5,7678.75,37,NQ.v.0
2019-06-19 10:55:00+00:00,33,1,36742,7679.0,7679.25,7678.75,7678.75,19,NQ.v.0
2019-06-19 10:56:00+00:00,33,1,36742,7678.75,7679.25,7678.75,7678.75,9,NQ.v.0
2019-06-19 10:57:00+00:00,33,1,36742,7679.0,7679.0,7676.75,7676.75,48,NQ.v.0
2019-06-19 10:58:00+00:00,33,1,36742,7676.75,7679.5,7676.75,7679.0,55,NQ.v.0
2019-06-19 10:59:00+00:00,33,1,36742,7678.75,7679.25,7678.25,7678.25,38,NQ.v.0
2019-06-19 11:00:00+00:00,33,1,36742,7678.0,7678.5,7676.0,7678.5,75,NQ.v.0
2019-06-19 11:01:00+00:00,33,1,36742,7678.25,7678.5,7678.0,7678.25,23,NQ.v.0
2019-06-19 11:02:00+00:00,33,1,36742,7678.0,7678.25,7677.0,7677.25,63,NQ.v.0
2019-06-19 11:03:00+00:00,33,1,36742,7677.5,7677.5,7676.5,7676.75,19,NQ.v.0
2019-06-19 11:04:00+00:00,33,1,36742,7677.0,7677.0,7675.75,7676.0,67,NQ.v.0
2019-06-19 11:05:00+00:00,33,1,36742,7676.0,7676.0,7672.0,7673.0,209,NQ.v.0
2019-06-19 11:06:00+00:00,33,1,36742,7673.25,7674.75,7672.5,7673.0,102,NQ.v.0
2019-06-19 11:07:00+00:00,33,1,36742,7673.25,7673.75,7672.75,7672.75,45,NQ.v.0
2019-06-19 11:08:00+00:00,33,1,36742,7672.75,7673.0,7670.75,7671.5,93,NQ.v.0
2019-06-19 11:09:00+00:00,33,1,36742,7671.25,7671.5,7669.5,7671.0,120,NQ.v.0
2019-06-19 11:10:00+00:00,33,1,36742,7671.0,7671.75,7670.5,7671.0,67,NQ.v.0
2019-06-19 11:11:00+00:00,33,1,36742,7671.0,7671.75,7670.75,7671.25,51,NQ.v.0
2019-06-19 11:12:00+00:00,33,1,36742,7671.5,7672.5,7671.25,7671.5,68,NQ.v.0
2019-06-19 11:13:00+00:00,33,1,36742,7672.25,7673.25,7671.75,7673.0,101,NQ.v.0
2019-06-19 11:14:00+00:00,33,1,36742,7672.75,7673.75,7672.75,7673.5,64,NQ.v.0
2019-06-19 11:15:00+00:00,33,1,36742,7673.5,7673.5,7671.0,7671.25,74,NQ.v.0
2019-06-19 11:16:00+00:00,33,1,36742,7671.5,7672.0,7671.5,7672.0,23,NQ.v.0
2019-06-19 11:17:00+00:00,33,1,36742,7672.25,7673.25,7672.25,7673.25,40,NQ.v.0
2019-06-19 11:18:00+00:00,33,1,36742,7673.25,7673.25,7671.75,7671.75,23,NQ.v.0
2019-06-19 11:19:00+00:00,33,1,36742,7671.75,7672.5,7671.75,7672.0,22,NQ.v.0
2019-06-19 11:20:00+00:00,33,1,36742,7672.25,7673.25,7672.25,7673.0,29,NQ.v.0
2019-06-19 11:21:00+00:00,33,1,36742,7673.25,7673.25,7672.25,7672.75,50,NQ.v.0
2019-06-19 11:22:00+00:00,33,1,36742,7672.25,7673.5,7672.25,7673.25,51,NQ.v.0
2019-06-19 11:23:00+00:00,33,1,36742,7673.25,7673.25,7672.5,7672.5,30,NQ.v.0
2019-06-19 11:24:00+00:00,33,1,36742,7672.25,7673.5,7672.25,7673.5,20,NQ.v.0
2019-06-19 11:25:00+00:00,33,1,36742,7673.5,7673.5,7671.25,7671.5,52,NQ.v.0
2019-06-19 11:26:00+00:00,33,1,36742,7671.75,7672.5,7671.5,7671.75,36,NQ.v.0
2019-06-19 11:27:00+00:00,33,1,36742,7672.25,7673.5,7672.0,7673.25,48,NQ.v.0
2019-06-19 11:28:00+00:00,33,1,36742,7673.25,7674.0,7673.0,7673.0,55,NQ.v.0
2019-06-19 11:29:00+00:00,33,1,36742,7673.0,7673.75,7673.0,7673.5,17,NQ.v.0
2019-06-19 11:30:00+00:00,33,1,36742,7673.25,7673.25,7672.5,7672.75,50,NQ.v.0
2019-06-19 11:31:00+00:00,33,1,36742,7672.75,7674.5,7672.5,7674.25,62,NQ.v.0
2019-06-19 11:32:00+00:00,33,1,36742,7674.25,7674.25,7673.25,7673.5,55,NQ.v.0
2019-06-19 11:33:00+00:00,33,1,36742,7673.5,7673.5,7673.0,7673.0,15,NQ.v.0
2019-06-19 11:34:00+00:00,33,1,36742,7673.0,7673.5,7672.5,7673.0,33,NQ.v.0
2019-06-19 11:35:00+00:00,33,1,36742,7673.25,7673.75,7672.75,7673.5,37,NQ.v.0
2019-06-19 11:36:00+00:00,33,1,36742,7673.25,7673.25,7671.5,7672.75,48,NQ.v.0
2019-06-19 11:37:00+00:00,33,1,36742,7672.75,7673.0,7671.75,7672.0,45,NQ.v.0
2019-06-19 11:38:00+00:00,33,1,36742,7672.5,7673.75,7672.5,7673.25,40,NQ.v.0
2019-06-19 11:39:00+00:00,33,1,36742,7673.25,7674.25,7673.0,7673.75,53,NQ.v.0
2019-06-19 11:40:00+00:00,33,1,36742,7673.5,7674.75,7673.5,7674.75,85,NQ.v.0
2019-06-19 11:41:00+00:00,33,1,36742,7675.0,7676.5,7674.5,7676.25,148,NQ.v.0
2019-06-19 11:42:00+00:00,33,1,36742,7675.75,7677.25,7675.25,7677.25,79,NQ.v.0
2019-06-19 11:43:00+00:00,33,1,36742,7677.25,7678.0,7677.0,7677.5,62,NQ.v.0
2019-06-19 11:44:00+00:00,33,1,36742,7677.5,7677.75,7676.25,7676.75,136,NQ.v.0
2019-06-19 11:45:00+00:00,33,1,36742,7677.0,7677.75,7677.0,7677.0,39,NQ.v.0
2019-06-19 11:46:00+00:00,33,1,36742,7677.0,7677.25,7677.0,7677.0,26,NQ.v.0
2019-06-19 11:47:00+00:00,33,1,36742,7676.75,7677.0,7675.75,7676.5,110,NQ.v.0
2019-06-19 11:48:00+00:00,33,1,36742,7676.75,7677.5,7676.75,7677.25,51,NQ.v.0
2019-06-19 11:49:00+00:00,33,1,36742,7677.5,7679.25,7677.5,7679.25,120,NQ.v.0
2019-06-19 11:50:00+00:00,33,1,36742,7679.0,7679.5,7678.25,7678.75,64,NQ.v.0
2019-06-19 11:51:00+00:00,33,1,36742,7678.5,7679.5,7678.5,7679.25,60,NQ.v.0
2019-06-19 11:52:00+00:00,33,1,36742,7679.25,7680.75,7679.0,7680.0,192,NQ.v.0
2019-06-19 11:53:00+00:00,33,1,36742,7679.75,7680.5,7678.5,7678.75,201,NQ.v.0
2019-06-19 11:54:00+00:00,33,1,36742,7679.0,7680.25,7679.0,7680.0,51,NQ.v.0
2019-06-19 11:55:00+00:00,33,1,36742,7680.25,7681.0,7680.25,7680.5,46,NQ.v.0
2019-06-19 11:56:00+00:00,33,1,36742,7680.5,7680.5,7679.0,7679.5,50,NQ.v.0
2019-06-19 11:57:00+00:00,33,1,36742,7679.5,7680.25,7679.5,7680.0,57,NQ.v.0
2019-06-19 11:58:00+00:00,33,1,36742,7680.0,7681.0,7680.0,7680.75,32,NQ.v.0
2019-06-19 11:59:00+00:00,33,1,36742,7680.75,7681.0,7680.25,7680.75,56,NQ.v.0
2019-06-19 12:00:00+00:00,33,1,36742,7680.75,7681.0,7679.0,7679.0,125,NQ.v.0
2019-06-19 12:01:00+00:00,33,1,36742,7679.0,7679.25,7678.0,7678.5,156,NQ.v.0
2019-06-19 12:02:00+00:00,33,1,36742,7678.5,7679.5,7678.5,7679.25,47,NQ.v.0
2019-06-19 12:03:00+00:00,33,1,36742,7678.75,7679.5,7678.75,7679.5,26,NQ.v.0
2019-06-19 12:04:00+00:00,33,1,36742,7679.25,7679.25,7676.0,7677.75,181,NQ.v.0
2019-06-19 12:05:00+00:00,33,1,36742,7677.75,7681.5,7677.25,7680.5,160,NQ.v.0
2019-06-19 12:06:00+00:00,33,1,36742,7680.25,7680.75,7680.0,7680.75,25,NQ.v.0
2019-06-19 12:07:00+00:00,33,1,36742,7680.5,7680.75,7679.75,7680.5,36,NQ.v.0
2019-06-19 12:08:00+00:00,33,1,36742,7680.5,7680.5,7679.5,7679.75,46,NQ.v.0
2019-06-19 12:09:00+00:00,33,1,36742,7679.5,7681.0,7679.5,7680.25,75,NQ.v.0
2019-06-19 12:10:00+00:00,33,1,36742,7680.25,7680.5,7679.75,7680.0,62,NQ.v.0
2019-06-19 12:11:00+00:00,33,1,36742,7680.0,7680.0,7678.75,7679.0,35,NQ.v.0
2019-06-19 12:12:00+00:00,33,1,36742,7679.25,7681.25,7679.0,7679.25,78,NQ.v.0
2019-06-19 12:13:00+00:00,33,1,36742,7679.25,7679.75,7678.5,7679.5,42,NQ.v.0
2019-06-19 12:14:00+00:00,33,1,36742,7679.25,7680.75,7679.25,7679.75,37,NQ.v.0
2019-06-19 12:15:00+00:00,33,1,36742,7680.0,7680.25,7678.25,7680.0,113,NQ.v.0
2019-06-19 12:16:00+00:00,33,1,36742,7680.25,7681.0,7677.0,7678.75,141,NQ.v.0
2019-06-19 12:17:00+00:00,33,1,36742,7678.25,7680.5,7677.5,7680.25,96,NQ.v.0
2019-06-19 12:18:00+00:00,33,1,36742,7680.5,7680.75,7677.75,7678.0,77,NQ.v.0
2019-06-19 12:19:00+00:00,33,1,36742,7678.25,7680.0,7678.25,7680.0,64,NQ.v.0
2019-06-19 12:20:00+00:00,33,1,36742,7679.75,7679.75,7676.0,7677.25,150,NQ.v.0
2019-06-19 12:21:00+00:00,33,1,36742,7677.25,7680.0,7676.5,7679.75,286,NQ.v.0
2019-06-19 12:22:00+00:00,33,1,36742,7680.0,7680.0,7678.5,7679.75,58,NQ.v.0
2019-06-19 12:23:00+00:00,33,1,36742,7680.0,7680.0,7679.0,7679.5,80,NQ.v.0
2019-06-19 12:24:00+00:00,33,1,36742,7679.5,7681.75,7679.5,7681.0,142,NQ.v.0
2019-06-19 12:25:00+00:00,33,1,36742,7681.25,7681.75,7680.5,7681.0,140,NQ.v.0
2019-06-19 12:26:00+00:00,33,1,36742,7680.75,7681.5,7679.75,7681.25,162,NQ.v.0
2019-06-19 12:27:00+00:00,33,1,36742,7681.25,7681.75,7680.5,7681.25,64,NQ.v.0
2019-06-19 12:28:00+00:00,33,1,36742,7681.25,7681.75,7681.0,7681.5,70,NQ.v.0
2019-06-19 12:29:00+00:00,33,1,36742,7681.75,7681.75,7680.25,7681.0,66,NQ.v.0
2019-06-19 12:30:00+00:00,33,1,36742,7680.75,7681.0,7679.0,7679.25,91,NQ.v.0
2019-06-19 12:31:00+00:00,33,1,36742,7679.0,7680.25,7678.75,7679.0,88,NQ.v.0
2019-06-19 12:32:00+00:00,33,1,36742,7679.0,7680.75,7678.75,7680.0,102,NQ.v.0
2019-06-19 12:33:00+00:00,33,1,36742,7680.0,7681.5,7679.5,7681.25,75,NQ.v.0
2019-06-19 12:34:00+00:00,33,1,36742,7681.5,7682.5,7680.5,7681.0,113,NQ.v.0
2019-06-19 12:35:00+00:00,33,1,36742,7680.75,7681.25,7679.25,7679.75,154,NQ.v.0
2019-06-19 12:36:00+00:00,33,1,36742,7679.75,7681.25,7679.75,7681.25,41,NQ.v.0
2019-06-19 12:37:00+00:00,33,1,36742,7681.0,7682.25,7681.0,7682.25,101,NQ.v.0
2019-06-19 12:38:00+00:00,33,1,36742,7682.25,7682.75,7681.75,7682.0,51,NQ.v.0
2019-06-19 12:39:00+00:00,33,1,36742,7682.0,7685.0,7681.75,7685.0,330,NQ.v.0
2019-06-19 12:40:00+00:00,33,1,36742,7685.0,7685.25,7684.5,7684.75,86,NQ.v.0
2019-06-19 12:41:00+00:00,33,1,36742,7684.75,7684.75,7683.5,7684.0,93,NQ.v.0
2019-06-19 12:42:00+00:00,33,1,36742,7684.0,7684.5,7683.75,7684.5,19,NQ.v.0
2019-06-19 12:43:00+00:00,33,1,36742,7684.25,7684.25,7682.0,7683.5,107,NQ.v.0
2019-06-19 12:44:00+00:00,33,1,36742,7683.0,7683.5,7682.75,7683.0,30,NQ.v.0
2019-06-19 12:45:00+00:00,33,1,36742,7682.75,7683.75,7682.75,7683.25,41,NQ.v.0
2019-06-19 12:46:00+00:00,33,1,36742,7683.25,7683.5,7681.0,7683.25,240,NQ.v.0
2019-06-19 12:47:00+00:00,33,1,36742,7683.25,7684.5,7681.75,7684.0,136,NQ.v.0
2019-06-19 12:48:00+00:00,33,1,36742,7684.25,7685.5,7684.0,7685.0,127,NQ.v.0
2019-06-19 12:49:00+00:00,33,1,36742,7685.0,7685.0,7683.25,7683.25,48,NQ.v.0
2019-06-19 12:50:00+00:00,33,1,36742,7683.25,7684.0,7682.75,7682.75,53,NQ.v.0
2019-06-19 12:51:00+00:00,33,1,36742,7682.5,7683.5,7682.25,7683.0,56,NQ.v.0
2019-06-19 12:52:00+00:00,33,1,36742,7682.25,7682.75,7681.5,7681.5,49,NQ.v.0
2019-06-19 12:53:00+00:00,33,1,36742,7681.75,7683.0,7681.75,7682.25,65,NQ.v.0
2019-06-19 12:54:00+00:00,33,1,36742,7682.5,7684.75,7682.5,7684.0,141,NQ.v.0
2019-06-19 12:55:00+00:00,33,1,36742,7684.0,7684.25,7681.5,7682.0,73,NQ.v.0
2019-06-19 12:56:00+00:00,33,1,36742,7681.75,7683.25,7681.5,7683.0,83,NQ.v.0
2019-06-19 12:57:00+00:00,33,1,36742,7683.25,7684.0,7682.5,7682.75,103,NQ.v.0
2019-06-19 12:58:00+00:00,33,1,36742,7682.5,7683.25,7682.0,7683.0,68,NQ.v.0
2019-06-19 12:59:00+00:00,33,1,36742,7683.0,7683.5,7682.25,7682.5,52,NQ.v.0
2019-06-19 13:00:00+00:00,33,1,36742,7682.5,7682.75,7680.25,7680.5,153,NQ.v.0
2019-06-19 13:01:00+00:00,33,1,36742,7680.75,7681.0,7679.75,7680.0,170,NQ.v.0
2019-06-19 13:02:00+00:00,33,1,36742,7680.25,7682.25,7680.25,7681.5,173,NQ.v.0
2019-06-19 13:03:00+00:00,33,1,36742,7681.5,7681.5,7680.75,7681.25,41,NQ.v.0
2019-06-19 13:04:00+00:00,33,1,36742,7681.5,7682.75,7681.0,7681.0,155,NQ.v.0
2019-06-19 13:05:00+00:00,33,1,36742,7681.25,7682.25,7681.0,7681.5,41,NQ.v.0
2019-06-19 13:06:00+00:00,33,1,36742,7681.25,7682.0,7680.5,7681.75,76,NQ.v.0
2019-06-19 13:07:00+00:00,33,1,36742,7681.75,7682.75,7681.5,7681.5,46,NQ.v.0
2019-06-19 13:08:00+00:00,33,1,36742,7681.5,7682.5,7681.5,7681.75,81,NQ.v.0
2019-06-19 13:09:00+00:00,33,1,36742,7682.0,7682.0,7681.0,7681.75,69,NQ.v.0
2019-06-19 13:10:00+00:00,33,1,36742,7681.75,7682.25,7681.25,7681.25,66,NQ.v.0
2019-06-19 13:11:00+00:00,33,1,36742,7681.25,7682.5,7681.25,7682.5,79,NQ.v.0
2019-06-19 13:12:00+00:00,33,1,36742,7682.5,7683.5,7682.5,7683.5,138,NQ.v.0
2019-06-19 13:13:00+00:00,33,1,36742,7683.5,7683.5,7681.75,7682.75,102,NQ.v.0
2019-06-19 13:14:00+00:00,33,1,36742,7683.0,7684.0,7682.75,7682.75,102,NQ.v.0
2019-06-19 13:15:00+00:00,33,1,36742,7682.75,7683.5,7682.25,7682.75,133,NQ.v.0
2019-06-19 13:16:00+00:00,33,1,36742,7682.75,7684.0,7682.75,7683.5,158,NQ.v.0
2019-06-19 13:17:00+00:00,33,1,36742,7683.25,7683.5,7682.25,7682.75,72,NQ.v.0
2019-06-19 13:18:00+00:00,33,1,36742,7682.25,7682.75,7682.25,7682.5,32,NQ.v.0
2019-06-19 13:19:00+00:00,33,1,36742,7682.5,7683.5,7682.0,7683.25,64,NQ.v.0
2019-06-19 13:20:00+00:00,33,1,36742,7683.5,7683.5,7683.0,7683.5,82,NQ.v.0
2019-06-19 13:21:00+00:00,33,1,36742,7683.5,7683.75,7682.0,7682.5,91,NQ.v.0
2019-06-19 13:22:00+00:00,33,1,36742,7682.25,7682.5,7680.75,7680.75,64,NQ.v.0
2019-06-19 13:23:00+00:00,33,1,36742,7680.75,7682.25,7680.5,7682.0,69,NQ.v.0
2019-06-19 13:24:00+00:00,33,1,36742,7682.0,7682.0,7680.25,7680.5,56,NQ.v.0
2019-06-19 13:25:00+00:00,33,1,36742,7680.5,7681.25,7679.0,7679.5,115,NQ.v.0
2019-06-19 13:26:00+00:00,33,1,36742,7679.5,7680.0,7678.25,7678.5,151,NQ.v.0
2019-06-19 13:27:00+00:00,33,1,36742,7678.5,7679.75,7678.25,7679.5,171,NQ.v.0
2019-06-19 13:28:00+00:00,33,1,36742,7679.5,7680.0,7678.25,7679.5,193,NQ.v.0
2019-06-19 13:29:00+00:00,33,1,36742,7679.25,7680.25,7679.0,7679.0,205,NQ.v.0
2019-06-19 13:30:00+00:00,33,1,36742,7679.5,7683.75,7676.25,7683.5,3015,NQ.v.0
2019-06-19 13:31:00+00:00,33,1,36742,7683.5,7685.0,7678.25,7678.75,2781,NQ.v.0
2019-06-19 13:32:00+00:00,33,1,36742,7678.5,7678.75,7671.5,7676.0,2724,NQ.v.0
2019-06-19 13:33:00+00:00,33,1,36742,7675.75,7679.75,7670.75,7672.5,2379,NQ.v.0
2019-06-19 13:34:00+00:00,33,1,36742,7672.5,7676.5,7670.25,7670.5,1824,NQ.v.0
2019-06-19 13:35:00+00:00,33,1,36742,7670.5,7672.75,7660.25,7661.25,2872,NQ.v.0
2019-06-19 13:36:00+00:00,33,1,36742,7661.0,7663.0,7652.25,7656.0,3327,NQ.v.0
2019-06-19 13:37:00+00:00,33,1,36742,7656.25,7656.25,7648.5,7650.75,2579,NQ.v.0
2019-06-19 13:38:00+00:00,33,1,36742,7650.5,7659.0,7650.25,7657.0,2360,NQ.v.0
2019-06-19 13:39:00+00:00,33,1,36742,7657.0,7659.75,7654.0,7654.25,1699,NQ.v.0
2019-06-19 13:40:00+00:00,33,1,36742,7654.25,7654.75,7645.75,7650.25,2729,NQ.v.0
2019-06-19 13:41:00+00:00,33,1,36742,7650.25,7650.75,7639.5,7645.75,3571,NQ.v.0
2019-06-19 13:42:00+00:00,33,1,36742,7645.75,7650.0,7643.0,7646.75,2626,NQ.v.0
2019-06-19 13:43:00+00:00,33,1,36742,7647.0,7648.5,7642.0,7644.5,1208,NQ.v.0
2019-06-19 13:44:00+00:00,33,1,36742,7645.0,7649.75,7645.0,7646.75,1282,NQ.v.0
2019-06-19 13:45:00+00:00,33,1,36742,7647.0,7648.75,7643.0,7645.25,1000,NQ.v.0
2019-06-19 13:46:00+00:00,33,1,36742,7645.5,7646.75,7643.0,7645.25,1209,NQ.v.0
2019-06-19 13:47:00+00:00,33,1,36742,7645.0,7653.0,7643.25,7651.75,1962,NQ.v.0
2019-06-19 13:48:00+00:00,33,1,36742,7651.5,7654.25,7649.75,7652.5,1089,NQ.v.0
2019-06-19 13:49:00+00:00,33,1,36742,7652.75,7656.0,7651.0,7653.25,1369,NQ.v.0
2019-06-19 13:50:00+00:00,33,1,36742,7653.25,7655.0,7648.0,7654.75,1199,NQ.v.0
2019-06-19 13:51:00+00:00,33,1,36742,7654.5,7655.75,7653.25,7655.5,744,NQ.v.0
2019-06-19 13:52:00+00:00,33,1,36742,7655.5,7658.5,7655.5,7657.25,1106,NQ.v.0
2019-06-19 13:53:00+00:00,33,1,36742,7657.75,7658.0,7654.25,7656.0,977,NQ.v.0
2019-06-19 13:54:00+00:00,33,1,36742,7655.5,7657.75,7650.75,7655.0,1248,NQ.v.0
2019-06-19 13:55:00+00:00,33,1,36742,7654.75,7657.75,7652.25,7653.75,1239,NQ.v.0
2019-06-19 13:56:00+00:00,33,1,36742,7653.5,7656.0,7651.25,7655.0,743,NQ.v.0
2019-06-19 13:57:00+00:00,33,1,36742,7655.25,7658.0,7655.0,7656.0,620,NQ.v.0
2019-06-19 13:58:00+00:00,33,1,36742,7655.5,7660.75,7655.25,7658.75,1190,NQ.v.0
2019-06-19 13:59:00+00:00,33,1,36742,7658.75,7661.5,7658.0,7659.75,1012,NQ.v.0
2019-06-19 14:00:00+00:00,33,1,36742,7659.5,7663.0,7659.5,7662.75,1093,NQ.v.0
2019-06-19 14:01:00+00:00,33,1,36742,7662.5,7662.75,7658.25,7660.0,817,NQ.v.0
2019-06-19 14:02:00+00:00,33,1,36742,7659.75,7660.75,7654.5,7657.5,1095,NQ.v.0
2019-06-19 14:03:00+00:00,33,1,36742,7657.25,7658.75,7654.25,7655.0,671,NQ.v.0
2019-06-19 14:04:00+00:00,33,1,36742,7655.25,7662.5,7653.0,7660.5,1143,NQ.v.0
2019-06-19 14:05:00+00:00,33,1,36742,7660.25,7663.75,7660.0,7661.75,716,NQ.v.0
2019-06-19 14:06:00+00:00,33,1,36742,7661.5,7662.0,7658.0,7659.25,882,NQ.v.0
2019-06-19 14:07:00+00:00,33,1,36742,7659.25,7659.75,7655.5,7657.75,968,NQ.v.0
2019-06-19 14:08:00+00:00,33,1,36742,7658.0,7659.0,7656.25,7657.5,365,NQ.v.0
2019-06-19 14:09:00+00:00,33,1,36742,7657.5,7657.5,7653.75,7655.75,801,NQ.v.0
2019-06-19 14:10:00+00:00,33,1,36742,7655.75,7656.75,7653.0,7656.5,682,NQ.v.0
2019-06-19 14:11:00+00:00,33,1,36742,7656.25,7660.0,7655.75,7658.75,860,NQ.v.0
2019-06-19 14:12:00+00:00,33,1,36742,7658.25,7658.75,7656.0,7658.5,584,NQ.v.0
2019-06-19 14:13:00+00:00,33,1,36742,7658.5,7660.75,7658.25,7658.75,654,NQ.v.0
2019-06-19 14:14:00+00:00,33,1,36742,7658.5,7662.0,7657.75,7659.75,663,NQ.v.0
2019-06-19 14:15:00+00:00,33,1,36742,7660.0,7661.25,7657.5,7658.25,471,NQ.v.0
2019-06-19 14:16:00+00:00,33,1,36742,7658.5,7659.0,7651.75,7653.5,732,NQ.v.0
2019-06-19 14:17:00+00:00,33,1,36742,7653.25,7654.5,7651.0,7651.0,900,NQ.v.0
2019-06-19 14:18:00+00:00,33,1,36742,7650.75,7652.75,7649.0,7652.5,892,NQ.v.0
2019-06-19 14:19:00+00:00,33,1,36742,7652.5,7654.5,7651.75,7652.0,573,NQ.v.0
2019-06-19 14:20:00+00:00,33,1,36742,7652.25,7654.5,7651.0,7652.25,617,NQ.v.0
2019-06-19 14:21:00+00:00,33,1,36742,7652.5,7657.0,7652.0,7654.5,1277,NQ.v.0
2019-06-19 14:22:00+00:00,33,1,36742,7654.0,7655.25,7652.0,7655.0,499,NQ.v.0
2019-06-19 14:23:00+00:00,33,1,36742,7654.75,7655.5,7653.25,7654.5,377,NQ.v.0
2019-06-19 14:24:00+00:00,33,1,36742,7655.0,7656.0,7652.25,7654.0,622,NQ.v.0
2019-06-19 14:25:00+00:00,33,1,36742,7654.0,7656.0,7653.0,7653.25,448,NQ.v.0
2019-06-19 14:26:00+00:00,33,1,36742,7653.5,7655.0,7652.25,7653.5,532,NQ.v.0
2019-06-19 14:27:00+00:00,33,1,36742,7653.75,7654.0,7649.5,7650.0,919,NQ.v.0
2019-06-19 14:28:00+00:00,33,1,36742,7650.0,7650.75,7648.5,7648.75,880,NQ.v.0
2019-06-19 14:29:00+00:00,33,1,36742,7648.75,7652.0,7648.75,7649.25,676,NQ.v.0
2019-06-19 14:30:00+00:00,33,1,36742,7649.5,7653.25,7649.5,7652.25,1042,NQ.v.0
2019-06-19 14:31:00+00:00,33,1,36742,7652.5,7653.0,7650.25,7651.75,388,NQ.v.0
2019-06-19 14:32:00+00:00,33,1,36742,7652.0,7653.0,7650.5,7652.0,461,NQ.v.0
2019-06-19 14:33:00+00:00,33,1,36742,7652.0,7653.0,7648.75,7649.25,626,NQ.v.0
2019-06-19 14:34:00+00:00,33,1,36742,7649.25,7649.75,7647.5,7648.25,700,NQ.v.0
2019-06-19 14:35:00+00:00,33,1,36742,7648.25,7650.75,7647.5,7648.0,730,NQ.v.0
2019-06-19 14:36:00+00:00,33,1,36742,7648.0,7650.5,7646.5,7649.5,711,NQ.v.0
2019-06-19 14:37:00+00:00,33,1,36742,7649.5,7652.0,7648.0,7651.5,679,NQ.v.0
2019-06-19 14:38:00+00:00,33,1,36742,7651.5,7652.75,7651.0,7652.25,384,NQ.v.0
2019-06-19 14:39:00+00:00,33,1,36742,7651.75,7653.25,7649.5,7650.0,484,NQ.v.0
2019-06-19 14:40:00+00:00,33,1,36742,7650.0,7651.0,7645.75,7648.25,641,NQ.v.0
2019-06-19 14:41:00+00:00,33,1,36742,7648.0,7650.25,7647.75,7648.0,290,NQ.v.0
2019-06-19 14:42:00+00:00,33,1,36742,7648.25,7648.25,7645.0,7647.5,659,NQ.v.0
2019-06-19 14:43:00+00:00,33,1,36742,7647.75,7648.75,7647.25,7647.5,267,NQ.v.0
2019-06-19 14:44:00+00:00,33,1,36742,7647.25,7652.0,7647.25,7652.0,409,NQ.v.0
2019-06-19 14:45:00+00:00,33,1,36742,7652.0,7653.5,7651.0,7653.0,425,NQ.v.0
2019-06-19 14:46:00+00:00,33,1,36742,7653.25,7655.0,7652.0,7654.75,585,NQ.v.0
2019-06-19 14:47:00+00:00,33,1,36742,7655.0,7655.25,7652.25,7653.75,349,NQ.v.0
2019-06-19 14:48:00+00:00,33,1,36742,7653.75,7655.75,7652.25,7653.25,365,NQ.v.0
2019-06-19 14:49:00+00:00,33,1,36742,7653.25,7653.5,7650.75,7652.25,371,NQ.v.0
2019-06-19 14:50:00+00:00,33,1,36742,7652.5,7657.25,7652.5,7657.0,505,NQ.v.0
2019-06-19 14:51:00+00:00,33,1,36742,7657.0,7657.5,7655.5,7656.25,358,NQ.v.0
2019-06-19 14:52:00+00:00,33,1,36742,7656.25,7656.75,7653.25,7653.75,476,NQ.v.0
2019-06-19 14:53:00+00:00,33,1,36742,7653.75,7654.0,7650.25,7650.75,481,NQ.v.0
2019-06-19 14:54:00+00:00,33,1,36742,7650.75,7652.75,7650.25,7651.75,229,NQ.v.0
2019-06-19 14:55:00+00:00,33,1,36742,7652.0,7652.25,7650.25,7651.25,271,NQ.v.0
2019-06-19 14:56:00+00:00,33,1,36742,7651.25,7652.25,7649.25,7649.5,373,NQ.v.0
2019-06-19 14:57:00+00:00,33,1,36742,7649.75,7653.0,7649.5,7649.75,498,NQ.v.0
2019-06-19 14:58:00+00:00,33,1,36742,7649.75,7650.0,7647.5,7648.25,598,NQ.v.0
2019-06-19 14:59:00+00:00,33,1,36742,7648.25,7651.25,7647.0,7651.0,674,NQ.v.0
2019-06-19 15:00:00+00:00,33,1,36742,7651.25,7653.0,7650.75,7651.75,744,NQ.v.0
2019-06-19 15:01:00+00:00,33,1,36742,7651.75,7653.75,7651.75,7653.0,310,NQ.v.0
2019-06-19 15:02:00+00:00,33,1,36742,7653.25,7655.75,7652.75,7654.75,590,NQ.v.0
2019-06-19 15:03:00+00:00,33,1,36742,7654.75,7655.0,7651.5,7653.25,365,NQ.v.0
2019-06-19 15:04:00+00:00,33,1,36742,7653.25,7654.75,7653.0,7653.75,341,NQ.v.0
2019-06-19 15:05:00+00:00,33,1,36742,7653.75,7656.5,7653.75,7655.75,513,NQ.v.0
2019-06-19 15:06:00+00:00,33,1,36742,7655.75,7656.75,7654.25,7654.75,321,NQ.v.0
2019-06-19 15:07:00+00:00,33,1,36742,7654.75,7655.25,7653.75,7654.5,248,NQ.v.0
2019-06-19 15:08:00+00:00,33,1,36742,7654.25,7656.25,7653.5,7656.25,287,NQ.v.0
2019-06-19 15:09:00+00:00,33,1,36742,7656.0,7656.75,7653.75,7654.0,331,NQ.v.0
2019-06-19 15:10:00+00:00,33,1,36742,7653.75,7654.75,7653.25,7653.75,272,NQ.v.0
2019-06-19 15:11:00+00:00,33,1,36742,7653.5,7655.25,7653.0,7655.0,251,NQ.v.0
2019-06-19 15:12:00+00:00,33,1,36742,7654.75,7657.0,7654.5,7656.0,387,NQ.v.0
2019-06-19 15:13:00+00:00,33,1,36742,7656.25,7658.5,7655.25,7658.0,469,NQ.v.0
2019-06-19 15:14:00+00:00,33,1,36742,7658.0,7659.5,7657.25,7657.75,421,NQ.v.0
2019-06-19 15:15:00+00:00,33,1,36742,7657.75,7658.25,7657.0,7657.5,300,NQ.v.0
2019-06-19 15:16:00+00:00,33,1,36742,7657.75,7657.75,7654.25,7656.0,527,NQ.v.0
2019-06-19 15:17:00+00:00,33,1,36742,7656.25,7657.5,7655.5,7656.0,310,NQ.v.0
2019-06-19 15:18:00+00:00,33,1,36742,7655.75,7656.0,7653.25,7654.5,545,NQ.v.0
2019-06-19 15:19:00+00:00,33,1,36742,7654.5,7656.25,7654.0,7655.25,193,NQ.v.0
2019-06-19 15:20:00+00:00,33,1,36742,7655.25,7658.5,7655.25,7658.25,366,NQ.v.0
2019-06-19 15:21:00+00:00,33,1,36742,7658.0,7658.75,7657.25,7657.25,443,NQ.v.0
2019-06-19 15:22:00+00:00,33,1,36742,7657.5,7658.75,7657.5,7658.75,354,NQ.v.0
2019-06-19 15:23:00+00:00,33,1,36742,7658.5,7660.25,7658.5,7659.75,622,NQ.v.0
2019-06-19 15:24:00+00:00,33,1,36742,7659.75,7661.25,7659.75,7660.75,430,NQ.v.0
2019-06-19 15:25:00+00:00,33,1,36742,7660.75,7661.5,7660.0,7660.25,409,NQ.v.0
2019-06-19 15:26:00+00:00,33,1,36742,7660.25,7660.25,7658.5,7658.75,433,NQ.v.0
2019-06-19 15:27:00+00:00,33,1,36742,7659.0,7659.5,7658.25,7659.25,278,NQ.v.0
2019-06-19 15:28:00+00:00,33,1,36742,7659.25,7659.5,7658.5,7659.0,291,NQ.v.0
2019-06-19 15:29:00+00:00,33,1,36742,7659.25,7663.75,7659.0,7663.5,816,NQ.v.0
2019-06-19 15:30:00+00:00,33,1,36742,7663.25,7664.25,7661.0,7663.25,772,NQ.v.0
2019-06-19 15:31:00+00:00,33,1,36742,7663.25,7664.75,7662.25,7662.25,430,NQ.v.0
2019-06-19 15:32:00+00:00,33,1,36742,7662.25,7663.25,7662.0,7663.25,277,NQ.v.0
2019-06-19 15:33:00+00:00,33,1,36742,7663.25,7664.5,7661.0,7661.75,459,NQ.v.0
2019-06-19 15:34:00+00:00,33,1,36742,7662.25,7663.25,7659.5,7660.0,519,NQ.v.0
2019-06-19 15:35:00+00:00,33,1,36742,7660.25,7661.25,7658.5,7660.25,404,NQ.v.0
2019-06-19 15:36:00+00:00,33,1,36742,7660.5,7661.0,7657.25,7658.5,490,NQ.v.0
2019-06-19 15:37:00+00:00,33,1,36742,7658.5,7659.25,7656.5,7658.25,426,NQ.v.0
2019-06-19 15:38:00+00:00,33,1,36742,7657.75,7658.25,7656.75,7656.75,240,NQ.v.0
2019-06-19 15:39:00+00:00,33,1,36742,7657.0,7658.5,7656.5,7657.75,310,NQ.v.0
2019-06-19 15:40:00+00:00,33,1,36742,7658.25,7658.5,7656.0,7658.25,853,NQ.v.0
2019-06-19 15:41:00+00:00,33,1,36742,7658.25,7660.25,7658.25,7659.75,350,NQ.v.0
2019-06-19 15:42:00+00:00,33,1,36742,7660.0,7661.25,7659.75,7660.5,310,NQ.v.0
2019-06-19 15:43:00+00:00,33,1,36742,7660.25,7661.75,7660.0,7660.75,647,NQ.v.0
2019-06-19 15:44:00+00:00,33,1,36742,7660.5,7662.0,7660.5,7661.5,830,NQ.v.0
2019-06-19 15:45:00+00:00,33,1,36742,7661.75,7661.75,7659.25,7659.25,400,NQ.v.0
2019-06-19 15:46:00+00:00,33,1,36742,7659.0,7659.75,7658.25,7659.5,236,NQ.v.0
2019-06-19 15:47:00+00:00,33,1,36742,7659.5,7660.75,7658.5,7659.5,629,NQ.v.0
2019-06-19 15:48:00+00:00,33,1,36742,7659.5,7661.75,7658.25,7661.25,451,NQ.v.0
2019-06-19 15:49:00+00:00,33,1,36742,7661.5,7661.5,7659.5,7660.5,213,NQ.v.0
2019-06-19 15:50:00+00:00,33,1,36742,7660.5,7660.75,7658.5,7658.5,177,NQ.v.0
2019-06-19 15:51:00+00:00,33,1,36742,7658.25,7659.25,7658.0,7659.0,208,NQ.v.0
2019-06-19 15:52:00+00:00,33,1,36742,7659.0,7661.5,7658.5,7660.75,217,NQ.v.0
2019-06-19 15:53:00+00:00,33,1,36742,7660.75,7663.5,7659.75,7662.25,776,NQ.v.0
2019-06-19 15:54:00+00:00,33,1,36742,7662.25,7662.5,7660.5,7660.5,396,NQ.v.0
2019-06-19 15:55:00+00:00,33,1,36742,7660.5,7661.5,7660.25,7661.0,154,NQ.v.0
2019-06-19 15:56:00+00:00,33,1,36742,7661.25,7661.25,7660.0,7660.75,297,NQ.v.0
2019-06-19 15:57:00+00:00,33,1,36742,7660.5,7660.75,7659.25,7660.0,179,NQ.v.0
2019-06-19 15:58:00+00:00,33,1,36742,7660.0,7662.0,7659.75,7660.75,287,NQ.v.0
2019-06-19 15:59:00+00:00,33,1,36742,7660.75,7661.75,7660.5,7661.0,194,NQ.v.0
2019-06-19 16:00:00+00:00,33,1,36742,7660.75,7663.0,7660.75,7662.25,254,NQ.v.0
2019-06-19 16:01:00+00:00,33,1,36742,7662.5,7662.75,7659.5,7659.5,374,NQ.v.0
2019-06-19 16:02:00+00:00,33,1,36742,7659.75,7660.25,7659.25,7659.5,131,NQ.v.0
2019-06-19 16:03:00+00:00,33,1,36742,7659.25,7660.25,7659.0,7660.0,265,NQ.v.0
2019-06-19 16:04:00+00:00,33,1,36742,7660.5,7661.0,7659.75,7660.25,240,NQ.v.0
2019-06-19 16:05:00+00:00,33,1,36742,7660.5,7661.0,7659.25,7659.75,160,NQ.v.0
2019-06-19 16:06:00+00:00,33,1,36742,7660.0,7660.0,7658.5,7658.75,192,NQ.v.0
2019-06-19 16:07:00+00:00,33,1,36742,7658.75,7659.0,7655.25,7656.75,532,NQ.v.0
2019-06-19 16:08:00+00:00,33,1,36742,7656.5,7658.25,7656.5,7656.75,281,NQ.v.0
2019-06-19 16:09:00+00:00,33,1,36742,7656.5,7656.75,7652.0,7654.0,1430,NQ.v.0
2019-06-19 16:10:00+00:00,33,1,36742,7654.0,7656.5,7653.75,7656.0,481,NQ.v.0
2019-06-19 16:11:00+00:00,33,1,36742,7656.0,7657.25,7655.25,7656.25,241,NQ.v.0
2019-06-19 16:12:00+00:00,33,1,36742,7656.5,7657.75,7656.0,7657.0,579,NQ.v.0
2019-06-19 16:13:00+00:00,33,1,36742,7656.75,7658.0,7656.5,7657.75,493,NQ.v.0
2019-06-19 16:14:00+00:00,33,1,36742,7657.75,7659.0,7656.75,7658.0,224,NQ.v.0
2019-06-19 16:15:00+00:00,33,1,36742,7658.0,7658.75,7656.5,7657.0,204,NQ.v.0
2019-06-19 16:16:00+00:00,33,1,36742,7656.75,7657.0,7655.25,7655.75,312,NQ.v.0
2019-06-19 16:17:00+00:00,33,1,36742,7655.5,7658.75,7655.25,7657.0,751,NQ.v.0
2019-06-19 16:18:00+00:00,33,1,36742,7657.25,7658.75,7656.75,7658.5,221,NQ.v.0
2019-06-19 16:19:00+00:00,33,1,36742,7658.75,7659.5,7657.75,7658.5,188,NQ.v.0
2019-06-19 16:20:00+00:00,33,1,36742,7658.5,7658.75,7656.25,7656.75,169,NQ.v.0
2019-06-19 16:21:00+00:00,33,1,36742,7657.0,7658.25,7656.0,7656.75,232,NQ.v.0
2019-06-19 16:22:00+00:00,33,1,36742,7657.0,7658.25,7657.0,7657.5,175,NQ.v.0
2019-06-19 16:23:00+00:00,33,1,36742,7657.75,7658.5,7657.25,7658.0,127,NQ.v.0
2019-06-19 16:24:00+00:00,33,1,36742,7657.75,7660.0,7657.75,7660.0,186,NQ.v.0
2019-06-19 16:25:00+00:00,33,1,36742,7659.75,7660.25,7658.75,7659.0,188,NQ.v.0
2019-06-19 16:26:00+00:00,33,1,36742,7659.0,7659.75,7659.0,7659.25,88,NQ.v.0
2019-06-19 16:27:00+00:00,33,1,36742,7659.0,7660.0,7658.25,7659.75,153,NQ.v.0
2019-06-19 16:28:00+00:00,33,1,36742,7659.5,7660.0,7658.0,7658.0,152,NQ.v.0
2019-06-19 16:29:00+00:00,33,1,36742,7658.25,7659.25,7657.75,7658.5,155,NQ.v.0
2019-06-19 16:30:00+00:00,33,1,36742,7658.5,7659.5,7657.0,7657.75,232,NQ.v.0
2019-06-19 16:31:00+00:00,33,1,36742,7657.75,7658.25,7656.0,7656.5,180,NQ.v.0
2019-06-19 16:32:00+00:00,33,1,36742,7657.0,7657.25,7655.5,7655.75,386,NQ.v.0
2019-06-19 16:33:00+00:00,33,1,36742,7655.75,7657.75,7655.75,7656.75,284,NQ.v.0
2019-06-19 16:34:00+00:00,33,1,36742,7657.25,7657.25,7654.5,7655.5,319,NQ.v.0
2019-06-19 16:35:00+00:00,33,1,36742,7655.5,7656.0,7654.5,7655.25,306,NQ.v.0
2019-06-19 16:36:00+00:00,33,1,36742,7655.5,7657.0,7654.75,7655.5,294,NQ.v.0
2019-06-19 16:37:00+00:00,33,1,36742,7655.5,7657.5,7655.5,7656.0,311,NQ.v.0
2019-06-19 16:38:00+00:00,33,1,36742,7655.75,7656.5,7655.0,7656.0,276,NQ.v.0
2019-06-19 16:39:00+00:00,33,1,36742,7656.0,7657.0,7655.75,7657.0,179,NQ.v.0
2019-06-19 16:40:00+00:00,33,1,36742,7656.75,7657.0,7654.0,7655.0,328,NQ.v.0
2019-06-19 16:41:00+00:00,33,1,36742,7655.0,7655.5,7654.75,7655.25,93,NQ.v.0
2019-06-19 16:42:00+00:00,33,1,36742,7655.25,7656.25,7655.0,7655.0,191,NQ.v.0
2019-06-19 16:43:00+00:00,33,1,36742,7655.5,7656.25,7655.25,7655.75,107,NQ.v.0
2019-06-19 16:44:00+00:00,33,1,36742,7655.5,7656.25,7655.25,7655.75,123,NQ.v.0
2019-06-19 16:45:00+00:00,33,1,36742,7655.5,7655.75,7654.5,7655.0,138,NQ.v.0
2019-06-19 16:46:00+00:00,33,1,36742,7655.25,7656.25,7655.25,7655.5,143,NQ.v.0
2019-06-19 16:47:00+00:00,33,1,36742,7655.5,7656.5,7655.5,7655.75,155,NQ.v.0
2019-06-19 16:48:00+00:00,33,1,36742,7655.75,7656.0,7654.25,7655.25,164,NQ.v.0
2019-06-19 16:49:00+00:00,33,1,36742,7655.25,7655.75,7655.0,7655.5,126,NQ.v.0
2019-06-19 16:50:00+00:00,33,1,36742,7655.25,7655.75,7654.5,7654.75,167,NQ.v.0
2019-06-19 16:51:00+00:00,33,1,36742,7654.75,7655.0,7653.75,7654.5,211,NQ.v.0
2019-06-19 16:52:00+00:00,33,1,36742,7654.25,7654.5,7652.5,7654.25,310,NQ.v.0
2019-06-19 16:53:00+00:00,33,1,36742,7654.0,7654.5,7653.0,7654.25,173,NQ.v.0
2019-06-19 16:54:00+00:00,33,1,36742,7654.25,7654.5,7653.5,7654.5,141,NQ.v.0
2019-06-19 16:55:00+00:00,33,1,36742,7654.25,7655.5,7653.5,7654.5,155,NQ.v.0
2019-06-19 16:56:00+00:00,33,1,36742,7654.75,7655.25,7654.0,7654.5,157,NQ.v.0
2019-06-19 16:57:00+00:00,33,1,36742,7654.5,7654.75,7653.75,7654.5,118,NQ.v.0
2019-06-19 16:58:00+00:00,33,1,36742,7654.75,7656.0,7654.0,7654.5,340,NQ.v.0
2019-06-19 16:59:00+00:00,33,1,36742,7654.75,7655.75,7654.75,7655.75,176,NQ.v.0
2019-06-19 17:00:00+00:00,33,1,36742,7655.5,7655.5,7653.5,7654.0,212,NQ.v.0
2019-06-19 17:01:00+00:00,33,1,36742,7654.0,7654.25,7653.5,7654.0,114,NQ.v.0
2019-06-19 17:02:00+00:00,33,1,36742,7654.0,7655.5,7653.5,7655.25,143,NQ.v.0
2019-06-19 17:03:00+00:00,33,1,36742,7655.25,7656.75,7654.25,7656.0,282,NQ.v.0
2019-06-19 17:04:00+00:00,33,1,36742,7655.75,7655.75,7654.0,7655.0,303,NQ.v.0
2019-06-19 17:05:00+00:00,33,1,36742,7654.75,7655.0,7654.25,7654.5,95,NQ.v.0
2019-06-19 17:06:00+00:00,33,1,36742,7654.75,7656.25,7654.75,7655.75,129,NQ.v.0
2019-06-19 17:07:00+00:00,33,1,36742,7655.5,7656.0,7653.0,7653.0,177,NQ.v.0
2019-06-19 17:08:00+00:00,33,1,36742,7653.5,7653.75,7651.0,7651.5,340,NQ.v.0
2019-06-19 17:09:00+00:00,33,1,36742,7651.5,7653.0,7651.5,7651.75,159,NQ.v.0
2019-06-19 17:10:00+00:00,33,1,36742,7651.75,7653.25,7651.0,7651.5,319,NQ.v.0
2019-06-19 17:11:00+00:00,33,1,36742,7651.25,7651.75,7649.5,7650.25,324,NQ.v.0
2019-06-19 17:12:00+00:00,33,1,36742,7650.25,7651.25,7650.0,7650.5,154,NQ.v.0
2019-06-19 17:13:00+00:00,33,1,36742,7650.75,7650.75,7648.0,7648.0,327,NQ.v.0
2019-06-19 17:14:00+00:00,33,1,36742,7648.0,7649.25,7646.75,7648.0,549,NQ.v.0
2019-06-19 17:15:00+00:00,33,1,36742,7647.75,7648.5,7646.75,7647.75,287,NQ.v.0
2019-06-19 17:16:00+00:00,33,1,36742,7647.75,7648.0,7646.25,7646.5,238,NQ.v.0
2019-06-19 17:17:00+00:00,33,1,36742,7646.75,7647.25,7645.75,7646.75,254,NQ.v.0
2019-06-19 17:18:00+00:00,33,1,36742,7646.75,7647.0,7645.25,7645.75,290,NQ.v.0
2019-06-19 17:19:00+00:00,33,1,36742,7645.75,7647.75,7645.0,7645.0,428,NQ.v.0
2019-06-19 17:20:00+00:00,33,1,36742,7645.25,7645.25,7642.5,7644.0,728,NQ.v.0
2019-06-19 17:21:00+00:00,33,1,36742,7643.75,7644.0,7642.75,7643.25,243,NQ.v.0
2019-06-19 17:22:00+00:00,33,1,36742,7643.25,7645.75,7642.5,7645.75,833,NQ.v.0
2019-06-19 17:23:00+00:00,33,1,36742,7645.5,7649.0,7645.0,7648.75,565,NQ.v.0
2019-06-19 17:24:00+00:00,33,1,36742,7648.5,7649.0,7647.0,7648.0,239,NQ.v.0
2019-06-19 17:25:00+00:00,33,1,36742,7647.75,7648.75,7646.75,7648.0,280,NQ.v.0
2019-06-19 17:26:00+00:00,33,1,36742,7648.0,7650.0,7648.0,7649.25,230,NQ.v.0
2019-06-19 17:27:00+00:00,33,1,36742,7649.75,7650.5,7649.25,7650.0,166,NQ.v.0
2019-06-19 17:28:00+00:00,33,1,36742,7650.0,7651.25,7649.5,7650.25,370,NQ.v.0
2019-06-19 17:29:00+00:00,33,1,36742,7650.5,7651.25,7650.0,7650.5,211,NQ.v.0
2019-06-19 17:30:00+00:00,33,1,36742,7651.0,7651.5,7649.75,7650.75,294,NQ.v.0
2019-06-19 17:31:00+00:00,33,1,36742,7650.75,7652.5,7650.0,7651.5,542,NQ.v.0
2019-06-19 17:32:00+00:00,33,1,36742,7651.25,7652.25,7651.0,7652.0,304,NQ.v.0
2019-06-19 17:33:00+00:00,33,1,36742,7652.0,7652.25,7651.0,7651.75,165,NQ.v.0
2019-06-19 17:34:00+00:00,33,1,36742,7652.0,7652.25,7651.5,7652.0,209,NQ.v.0
2019-06-19 17:35:00+00:00,33,1,36742,7652.0,7652.25,7651.25,7651.75,180,NQ.v.0
2019-06-19 17:36:00+00:00,33,1,36742,7651.75,7652.75,7651.5,7652.0,320,NQ.v.0
2019-06-19 17:37:00+00:00,33,1,36742,7652.0,7654.0,7652.0,7654.0,451,NQ.v.0
2019-06-19 17:38:00+00:00,33,1,36742,7653.75,7654.25,7653.0,7653.0,273,NQ.v.0
2019-06-19 17:39:00+00:00,33,1,36742,7653.25,7653.25,7652.0,7653.0,308,NQ.v.0
2019-06-19 17:40:00+00:00,33,1,36742,7653.25,7653.75,7652.25,7652.5,278,NQ.v.0
2019-06-19 17:41:00+00:00,33,1,36742,7652.5,7653.25,7651.25,7652.25,249,NQ.v.0
2019-06-19 17:42:00+00:00,33,1,36742,7651.75,7652.5,7651.0,7652.0,202,NQ.v.0
2019-06-19 17:43:00+00:00,33,1,36742,7652.25,7652.25,7650.25,7651.0,304,NQ.v.0
2019-06-19 17:44:00+00:00,33,1,36742,7651.0,7651.25,7648.75,7649.0,381,NQ.v.0
2019-06-19 17:45:00+00:00,33,1,36742,7649.0,7650.0,7648.75,7649.25,225,NQ.v.0
2019-06-19 17:46:00+00:00,33,1,36742,7649.25,7649.75,7648.5,7648.5,134,NQ.v.0
2019-06-19 17:47:00+00:00,33,1,36742,7648.75,7649.25,7647.75,7648.25,140,NQ.v.0
2019-06-19 17:48:00+00:00,33,1,36742,7648.5,7649.5,7647.75,7648.0,314,NQ.v.0
2019-06-19 17:49:00+00:00,33,1,36742,7648.0,7649.75,7646.75,7649.5,362,NQ.v.0
2019-06-19 17:50:00+00:00,33,1,36742,7649.75,7654.25,7649.25,7654.0,348,NQ.v.0
2019-06-19 17:51:00+00:00,33,1,36742,7654.0,7658.25,7653.5,7657.75,793,NQ.v.0
2019-06-19 17:52:00+00:00,33,1,36742,7657.75,7657.75,7655.5,7655.5,574,NQ.v.0
2019-06-19 17:53:00+00:00,33,1,36742,7655.5,7655.5,7654.25,7655.25,355,NQ.v.0
2019-06-19 17:54:00+00:00,33,1,36742,7654.75,7655.0,7653.75,7654.25,175,NQ.v.0
2019-06-19 17:55:00+00:00,33,1,36742,7654.0,7655.25,7652.5,7652.75,265,NQ.v.0
2019-06-19 17:56:00+00:00,33,1,36742,7653.0,7653.5,7650.5,7651.75,230,NQ.v.0
2019-06-19 17:57:00+00:00,33,1,36742,7651.5,7651.5,7648.0,7648.5,313,NQ.v.0
2019-06-19 17:58:00+00:00,33,1,36742,7648.25,7650.0,7645.25,7649.75,527,NQ.v.0
2019-06-19 17:59:00+00:00,33,1,36742,7649.25,7657.0,7648.75,7653.0,482,NQ.v.0
2019-06-19 18:00:00+00:00,33,1,36742,7652.75,7661.5,7630.0,7659.5,4298,NQ.v.0
2019-06-19 18:01:00+00:00,33,1,36742,7658.5,7690.5,7656.75,7686.25,6426,NQ.v.0
2019-06-19 18:02:00+00:00,33,1,36742,7686.0,7686.5,7674.75,7675.5,2888,NQ.v.0
2019-06-19 18:03:00+00:00,33,1,36742,7676.0,7684.5,7671.5,7683.25,1946,NQ.v.0
2019-06-19 18:04:00+00:00,33,1,36742,7683.0,7699.5,7681.0,7697.75,3329,NQ.v.0
2019-06-19 18:05:00+00:00,33,1,36742,7697.75,7710.5,7697.25,7709.5,4088,NQ.v.0
2019-06-19 18:06:00+00:00,33,1,36742,7709.25,7713.5,7707.0,7708.0,3567,NQ.v.0
2019-06-19 18:07:00+00:00,33,1,36742,7708.25,7710.75,7695.75,7698.75,3254,NQ.v.0
2019-06-19 18:08:00+00:00,33,1,36742,7698.75,7700.0,7679.75,7681.5,4801,NQ.v.0
2019-06-19 18:09:00+00:00,33,1,36742,7681.5,7690.25,7681.0,7684.25,1829,NQ.v.0
2019-06-19 18:10:00+00:00,33,1,36742,7684.25,7688.0,7678.75,7679.5,1933,NQ.v.0
2019-06-19 18:11:00+00:00,33,1,36742,7679.75,7682.0,7671.5,7673.75,2490,NQ.v.0
2019-06-19 18:12:00+00:00,33,1,36742,7674.25,7684.25,7672.75,7674.75,2020,NQ.v.0
2019-06-19 18:13:00+00:00,33,1,36742,7674.75,7682.75,7674.25,7675.0,1674,NQ.v.0
2019-06-19 18:14:00+00:00,33,1,36742,7674.75,7680.25,7672.5,7676.25,1432,NQ.v.0
2019-06-19 18:15:00+00:00,33,1,36742,7676.0,7679.25,7673.75,7678.25,1598,NQ.v.0
2019-06-19 18:16:00+00:00,33,1,36742,7678.0,7683.75,7675.5,7681.0,1717,NQ.v.0
2019-06-19 18:17:00+00:00,33,1,36742,7681.25,7683.75,7677.5,7681.5,1230,NQ.v.0
2019-06-19 18:18:00+00:00,33,1,36742,7681.25,7684.75,7679.75,7682.25,1066,NQ.v.0
2019-06-19 18:19:00+00:00,33,1,36742,7682.0,7683.75,7680.0,7680.5,557,NQ.v.0
2019-06-19 18:20:00+00:00,33,1,36742,7680.5,7682.0,7673.5,7673.75,1075,NQ.v.0
2019-06-19 18:21:00+00:00,33,1,36742,7673.5,7679.25,7671.5,7675.75,1503,NQ.v.0
2019-06-19 18:22:00+00:00,33,1,36742,7675.5,7676.75,7673.5,7676.25,728,NQ.v.0
2019-06-19 18:23:00+00:00,33,1,36742,7676.0,7676.25,7673.25,7674.0,649,NQ.v.0
2019-06-19 18:24:00+00:00,33,1,36742,7673.75,7674.0,7662.25,7663.5,2096,NQ.v.0
2019-06-19 18:25:00+00:00,33,1,36742,7663.5,7665.5,7658.5,7665.0,1992,NQ.v.0
2019-06-19 18:26:00+00:00,33,1,36742,7664.75,7665.0,7659.5,7663.75,1080,NQ.v.0
2019-06-19 18:27:00+00:00,33,1,36742,7663.75,7664.75,7660.25,7660.75,614,NQ.v.0
2019-06-19 18:28:00+00:00,33,1,36742,7660.5,7669.0,7660.0,7667.5,1278,NQ.v.0
2019-06-19 18:29:00+00:00,33,1,36742,7667.75,7668.75,7665.75,7668.0,530,NQ.v.0
2019-06-19 18:30:00+00:00,33,1,36742,7668.5,7674.5,7663.5,7672.75,1313,NQ.v.0
2019-06-19 18:31:00+00:00,33,1,36742,7673.0,7677.5,7672.5,7675.25,1405,NQ.v.0
2019-06-19 18:32:00+00:00,33,1,36742,7675.5,7686.75,7675.0,7685.75,2367,NQ.v.0
2019-06-19 18:33:00+00:00,33,1,36742,7686.0,7692.0,7685.5,7686.0,1718,NQ.v.0
2019-06-19 18:34:00+00:00,33,1,36742,7686.0,7688.0,7681.25,7683.25,1650,NQ.v.0
2019-06-19 18:35:00+00:00,33,1,36742,7683.0,7684.25,7673.0,7673.5,1671,NQ.v.0
2019-06-19 18:36:00+00:00,33,1,36742,7673.75,7685.5,7673.5,7683.0,1361,NQ.v.0
2019-06-19 18:37:00+00:00,33,1,36742,7683.0,7684.5,7675.0,7675.75,1606,NQ.v.0
2019-06-19 18:38:00+00:00,33,1,36742,7675.5,7679.5,7672.5,7676.25,1200,NQ.v.0
2019-06-19 18:39:00+00:00,33,1,36742,7676.0,7676.0,7660.0,7662.0,2373,NQ.v.0
2019-06-19 18:40:00+00:00,33,1,36742,7662.0,7664.0,7652.75,7660.75,3305,NQ.v.0
2019-06-19 18:41:00+00:00,33,1,36742,7660.75,7671.25,7660.0,7666.0,3401,NQ.v.0
2019-06-19 18:42:00+00:00,33,1,36742,7665.75,7671.0,7661.0,7663.0,1823,NQ.v.0
2019-06-19 18:43:00+00:00,33,1,36742,7663.0,7670.0,7659.75,7667.75,1396,NQ.v.0
2019-06-19 18:44:00+00:00,33,1,36742,7667.25,7671.0,7665.5,7669.0,1118,NQ.v.0
2019-06-19 18:45:00+00:00,33,1,36742,7669.0,7674.25,7665.25,7670.5,1484,NQ.v.0
2019-06-19 18:46:00+00:00,33,1,36742,7670.25,7670.75,7664.25,7667.5,995,NQ.v.0
2019-06-19 18:47:00+00:00,33,1,36742,7667.25,7668.0,7661.75,7666.0,1083,NQ.v.0
2019-06-19 18:48:00+00:00,33,1,36742,7666.25,7670.75,7661.75,7662.25,1132,NQ.v.0
2019-06-19 18:49:00+00:00,33,1,36742,7662.5,7664.25,7658.75,7660.5,1005,NQ.v.0
2019-06-19 18:50:00+00:00,33,1,36742,7660.25,7668.25,7658.0,7665.25,1679,NQ.v.0
2019-06-19 18:51:00+00:00,33,1,36742,7665.0,7670.5,7662.0,7669.75,1046,NQ.v.0
2019-06-19 18:52:00+00:00,33,1,36742,7670.25,7675.5,7667.0,7674.25,1258,NQ.v.0
2019-06-19 18:53:00+00:00,33,1,36742,7674.25,7675.0,7670.0,7672.0,1099,NQ.v.0
2019-06-19 18:54:00+00:00,33,1,36742,7671.75,7676.0,7670.75,7675.25,741,NQ.v.0
2019-06-19 18:55:00+00:00,33,1,36742,7675.25,7677.25,7667.75,7669.5,1168,NQ.v.0
2019-06-19 18:56:00+00:00,33,1,36742,7669.5,7675.5,7669.25,7673.5,709,NQ.v.0
2019-06-19 18:57:00+00:00,33,1,36742,7673.25,7676.5,7673.0,7674.5,814,NQ.v.0
2019-06-19 18:58:00+00:00,33,1,36742,7674.25,7677.25,7671.25,7671.5,755,NQ.v.0
2019-06-19 18:59:00+00:00,33,1,36742,7671.25,7674.75,7669.75,7673.75,676,NQ.v.0
2019-06-19 19:00:00+00:00,33,1,36742,7673.25,7675.25,7670.75,7674.75,581,NQ.v.0
2019-06-19 19:01:00+00:00,33,1,36742,7674.5,7682.25,7674.25,7682.0,1555,NQ.v.0
2019-06-19 19:02:00+00:00,33,1,36742,7682.0,7686.75,7680.25,7686.25,1458,NQ.v.0
2019-06-19 19:03:00+00:00,33,1,36742,7686.25,7686.5,7680.75,7683.75,1051,NQ.v.0
2019-06-19 19:04:00+00:00,33,1,36742,7683.5,7686.75,7683.0,7685.5,797,NQ.v.0
2019-06-19 19:05:00+00:00,33,1,36742,7685.75,7687.25,7681.75,7683.0,750,NQ.v.0
2019-06-19 19:06:00+00:00,33,1,36742,7682.75,7683.0,7680.25,7682.0,740,NQ.v.0
2019-06-19 19:07:00+00:00,33,1,36742,7681.75,7685.0,7680.25,7681.75,828,NQ.v.0
2019-06-19 19:08:00+00:00,33,1,36742,7681.75,7683.25,7679.75,7680.75,358,NQ.v.0
2019-06-19 19:09:00+00:00,33,1,36742,7680.75,7688.25,7680.75,7685.0,791,NQ.v.0
2019-06-19 19:10:00+00:00,33,1,36742,7685.0,7687.25,7681.5,7683.5,968,NQ.v.0
2019-06-19 19:11:00+00:00,33,1,36742,7683.25,7686.0,7682.0,7683.0,562,NQ.v.0
2019-06-19 19:12:00+00:00,33,1,36742,7682.75,7686.75,7682.5,7686.5,515,NQ.v.0
2019-06-19 19:13:00+00:00,33,1,36742,7686.75,7689.5,7684.75,7689.0,1028,NQ.v.0
2019-06-19 19:14:00+00:00,33,1,36742,7689.0,7694.25,7688.5,7691.25,1319,NQ.v.0
2019-06-19 19:15:00+00:00,33,1,36742,7691.25,7693.5,7689.5,7692.25,794,NQ.v.0
2019-06-19 19:16:00+00:00,33,1,36742,7692.25,7692.5,7688.5,7688.75,558,NQ.v.0
2019-06-19 19:17:00+00:00,33,1,36742,7688.5,7689.75,7685.0,7688.75,941,NQ.v.0
2019-06-19 19:18:00+00:00,33,1,36742,7688.75,7693.5,7688.5,7693.25,740,NQ.v.0
2019-06-19 19:19:00+00:00,33,1,36742,7693.0,7697.25,7692.0,7696.0,1341,NQ.v.0
2019-06-19 19:20:00+00:00,33,1,36742,7695.75,7700.75,7695.75,7698.75,1381,NQ.v.0
2019-06-19 19:21:00+00:00,33,1,36742,7698.75,7701.5,7696.25,7697.25,1291,NQ.v.0
2019-06-19 19:22:00+00:00,33,1,36742,7697.0,7697.25,7693.0,7693.5,1323,NQ.v.0
2019-06-19 19:23:00+00:00,33,1,36742,7693.75,7696.0,7693.25,7694.25,493,NQ.v.0
2019-06-19 19:24:00+00:00,33,1,36742,7694.25,7698.0,7694.0,7697.75,510,NQ.v.0
2019-06-19 19:25:00+00:00,33,1,36742,7697.75,7698.75,7696.25,7698.5,549,NQ.v.0
2019-06-19 19:26:00+00:00,33,1,36742,7698.75,7699.5,7696.75,7697.25,555,NQ.v.0
2019-06-19 19:27:00+00:00,33,1,36742,7697.0,7697.0,7692.75,7693.5,588,NQ.v.0
2019-06-19 19:28:00+00:00,33,1,36742,7693.5,7694.75,7692.25,7694.0,587,NQ.v.0
2019-06-19 19:29:00+00:00,33,1,36742,7694.0,7695.75,7693.75,7693.75,348,NQ.v.0
2019-06-19 19:30:00+00:00,33,1,36742,7694.0,7698.75,7693.75,7698.0,647,NQ.v.0
2019-06-19 19:31:00+00:00,33,1,36742,7698.0,7699.5,7697.25,7699.0,395,NQ.v.0
2019-06-19 19:32:00+00:00,33,1,36742,7699.0,7700.5,7695.0,7695.75,964,NQ.v.0
2019-06-19 19:33:00+00:00,33,1,36742,7695.25,7696.5,7693.5,7694.75,809,NQ.v.0
2019-06-19 19:34:00+00:00,33,1,36742,7694.75,7697.75,7693.5,7697.0,721,NQ.v.0
2019-06-19 19:35:00+00:00,33,1,36742,7696.75,7697.0,7689.5,7690.0,1435,NQ.v.0
2019-06-19 19:36:00+00:00,33,1,36742,7690.0,7694.5,7689.5,7692.75,817,NQ.v.0
2019-06-19 19:37:00+00:00,33,1,36742,7692.5,7694.0,7691.0,7691.5,339,NQ.v.0
2019-06-19 19:38:00+00:00,33,1,36742,7691.25,7693.5,7688.25,7688.5,733,NQ.v.0
2019-06-19 19:39:00+00:00,33,1,36742,7688.5,7691.0,7685.5,7686.25,1163,NQ.v.0
2019-06-19 19:40:00+00:00,33,1,36742,7686.5,7689.0,7684.0,7688.0,1360,NQ.v.0
2019-06-19 19:41:00+00:00,33,1,36742,7688.0,7696.5,7687.75,7696.25,1086,NQ.v.0
2019-06-19 19:42:00+00:00,33,1,36742,7696.0,7704.5,7696.0,7701.75,2043,NQ.v.0
2019-06-19 19:43:00+00:00,33,1,36742,7702.25,7706.25,7700.75,7703.5,1934,NQ.v.0
2019-06-19 19:44:00+00:00,33,1,36742,7703.5,7703.75,7697.25,7700.0,821,NQ.v.0
2019-06-19 19:45:00+00:00,33,1,36742,7699.75,7708.75,7699.75,7708.5,1315,NQ.v.0
2019-06-19 19:46:00+00:00,33,1,36742,7708.5,7709.25,7706.0,7707.5,1093,NQ.v.0
2019-06-19 19:47:00+00:00,33,1,36742,7707.75,7711.5,7707.5,7708.25,1259,NQ.v.0
2019-06-19 19:48:00+00:00,33,1,36742,7708.0,7709.5,7704.75,7707.25,950,NQ.v.0
2019-06-19 19:49:00+00:00,33,1,36742,7707.0,7707.0,7702.75,7703.75,971,NQ.v.0
2019-06-19 19:50:00+00:00,33,1,36742,7704.0,7709.25,7703.0,7704.75,1512,NQ.v.0
2019-06-19 19:51:00+00:00,33,1,36742,7705.0,7707.75,7703.25,7706.75,900,NQ.v.0
2019-06-19 19:52:00+00:00,33,1,36742,7706.5,7707.0,7702.5,7703.75,776,NQ.v.0
2019-06-19 19:53:00+00:00,33,1,36742,7704.0,7705.5,7701.75,7705.0,904,NQ.v.0
2019-06-19 19:54:00+00:00,33,1,36742,7705.0,7710.0,7704.75,7705.5,1729,NQ.v.0
2019-06-19 19:55:00+00:00,33,1,36742,7705.75,7706.0,7699.0,7702.0,2396,NQ.v.0
2019-06-19 19:56:00+00:00,33,1,36742,7702.0,7703.5,7700.25,7700.75,1175,NQ.v.0
2019-06-19 19:57:00+00:00,33,1,36742,7701.0,7701.5,7696.5,7699.5,1513,NQ.v.0
2019-06-19 19:58:00+00:00,33,1,36742,7699.75,7701.25,7698.5,7700.0,1222,NQ.v.0
2019-06-19 19:59:00+00:00,33,1,36742,7700.0,7702.0,7694.5,7695.5,3347,NQ.v.0
2019-06-19 20:00:00+00:00,33,1,36742,7696.0,7700.5,7694.0,7699.0,2089,NQ.v.0
2019-06-19 20:01:00+00:00,33,1,36742,7699.5,7700.0,7697.75,7698.75,751,NQ.v.0
2019-06-19 20:02:00+00:00,33,1,36742,7698.5,7700.0,7697.0,7699.5,465,NQ.v.0
2019-06-19 20:03:00+00:00,33,1,36742,7699.75,7702.0,7699.75,7701.75,514,NQ.v.0
2019-06-19 20:04:00+00:00,33,1,36742,7702.0,7702.5,7700.5,7701.75,266,NQ.v.0
2019-06-19 20:05:00+00:00,33,1,36742,7701.5,7701.75,7700.5,7701.5,192,NQ.v.0
2019-06-19 20:06:00+00:00,33,1,36742,7701.25,7702.0,7701.25,7701.5,140,NQ.v.0
2019-06-19 20:07:00+00:00,33,1,36742,7701.5,7702.0,7700.75,7700.75,178,NQ.v.0
2019-06-19 20:08:00+00:00,33,1,36742,7701.0,7701.25,7700.25,7700.5,126,NQ.v.0
2019-06-19 20:09:00+00:00,33,1,36742,7700.25,7701.0,7700.0,7700.75,139,NQ.v.0
2019-06-19 20:10:00+00:00,33,1,36742,7700.75,7701.25,7700.25,7701.0,235,NQ.v.0
2019-06-19 20:11:00+00:00,33,1,36742,7701.25,7702.0,7700.25,7701.25,235,NQ.v.0
2019-06-19 20:12:00+00:00,33,1,36742,7701.75,7703.25,7701.25,7703.25,305,NQ.v.0
2019-06-19 20:13:00+00:00,33,1,36742,7703.25,7703.25,7701.5,7701.5,361,NQ.v.0
2019-06-19 20:14:00+00:00,33,1,36742,7701.75,7703.0,7700.5,7702.0,508,NQ.v.0
2019-06-19 20:30:00+00:00,33,1,36742,7701.75,7701.75,7700.0,7701.25,219,NQ.v.0
2019-06-19 20:31:00+00:00,33,1,36742,7700.75,7701.0,7699.5,7699.75,48,NQ.v.0
2019-06-19 20:32:00+00:00,33,1,36742,7700.5,7700.75,7700.0,7700.5,34,NQ.v.0
2019-06-19 20:33:00+00:00,33,1,36742,7700.75,7700.75,7700.25,7700.75,15,NQ.v.0
2019-06-19 20:34:00+00:00,33,1,36742,7700.25,7701.25,7700.0,7701.25,55,NQ.v.0
2019-06-19 20:35:00+00:00,33,1,36742,7701.25,7701.75,7701.25,7701.5,13,NQ.v.0
2019-06-19 20:36:00+00:00,33,1,36742,7701.75,7701.75,7700.5,7700.75,18,NQ.v.0
2019-06-19 20:37:00+00:00,33,1,36742,7701.0,7701.0,7700.0,7700.5,30,NQ.v.0
2019-06-19 20:38:00+00:00,33,1,36742,7700.25,7700.5,7700.0,7700.5,16,NQ.v.0
2019-06-19 20:39:00+00:00,33,1,36742,7700.25,7701.0,7700.25,7700.25,14,NQ.v.0
2019-06-19 20:40:00+00:00,33,1,36742,7700.25,7700.25,7700.0,7700.0,6,NQ.v.0
2019-06-19 20:41:00+00:00,33,1,36742,7700.75,7700.75,7700.0,7700.5,21,NQ.v.0
2019-06-19 20:42:00+00:00,33,1,36742,7700.25,7700.25,7699.5,7699.75,43,NQ.v.0
2019-06-19 20:43:00+00:00,33,1,36742,7699.5,7699.5,7698.75,7699.0,24,NQ.v.0
2019-06-19 20:44:00+00:00,33,1,36742,7698.75,7699.0,7698.0,7698.0,55,NQ.v.0
2019-06-19 20:45:00+00:00,33,1,36742,7698.25,7698.75,7697.5,7698.5,41,NQ.v.0
2019-06-19 20:46:00+00:00,33,1,36742,7698.0,7698.0,7696.75,7697.5,69,NQ.v.0
2019-06-19 20:47:00+00:00,33,1,36742,7697.25,7697.5,7696.25,7697.5,25,NQ.v.0
2019-06-19 20:48:00+00:00,33,1,36742,7697.75,7698.0,7697.75,7698.0,12,NQ.v.0
2019-06-19 20:49:00+00:00,33,1,36742,7698.0,7698.75,7697.75,7698.5,21,NQ.v.0
2019-06-19 20:50:00+00:00,33,1,36742,7698.75,7699.0,7698.25,7698.75,34,NQ.v.0
2019-06-19 20:51:00+00:00,33,1,36742,7698.5,7699.0,7698.5,7698.75,7,NQ.v.0
2019-06-19 20:52:00+00:00,33,1,36742,7699.0,7699.5,7698.5,7699.25,23,NQ.v.0
2019-06-19 20:53:00+00:00,33,1,36742,7699.25,7699.25,7697.25,7697.5,47,NQ.v.0
2019-06-19 20:54:00+00:00,33,1,36742,7697.5,7698.5,7697.25,7698.5,28,NQ.v.0
2019-06-19 20:55:00+00:00,33,1,36742,7698.25,7698.25,7697.5,7698.0,17,NQ.v.0
2019-06-19 20:56:00+00:00,33,1,36742,7698.0,7698.0,7696.25,7696.75,23,NQ.v.0
2019-06-19 20:57:00+00:00,33,1,36742,7696.75,7697.0,7696.25,7696.5,17,NQ.v.0
2019-06-19 20:58:00+00:00,33,1,36742,7696.25,7697.75,7696.25,7697.0,61,NQ.v.0
2019-06-19 20:59:00+00:00,33,1,36742,7697.25,7698.0,7696.25,7696.5,44,NQ.v.0
2019-06-19 22:00:00+00:00,33,1,36742,7696.25,7697.5,7692.75,7695.75,218,NQ.v.0
2019-06-19 22:01:00+00:00,33,1,36742,7695.0,7695.25,7693.0,7693.5,82,NQ.v.0
2019-06-19 22:02:00+00:00,33,1,36742,7693.25,7694.0,7693.25,7693.75,25,NQ.v.0
2019-06-19 22:03:00+00:00,33,1,36742,7694.0,7698.25,7693.25,7695.25,153,NQ.v.0
2019-06-19 22:04:00+00:00,33,1,36742,7695.75,7698.75,7695.75,7696.25,38,NQ.v.0
2019-06-19 22:05:00+00:00,33,1,36742,7698.5,7699.5,7698.5,7699.25,52,NQ.v.0
2019-06-19 22:06:00+00:00,33,1,36742,7699.25,7699.5,7697.75,7697.75,60,NQ.v.0
2019-06-19 22:07:00+00:00,33,1,36742,7697.75,7698.75,7697.75,7698.5,26,NQ.v.0
2019-06-19 22:08:00+00:00,33,1,36742,7698.5,7699.25,7697.75,7698.0,47,NQ.v.0
2019-06-19 22:09:00+00:00,33,1,36742,7698.25,7704.0,7698.25,7703.0,218,NQ.v.0
2019-06-19 22:10:00+00:00,33,1,36742,7703.0,7703.0,7701.5,7701.75,78,NQ.v.0
2019-06-19 22:11:00+00:00,33,1,36742,7701.75,7702.25,7701.5,7701.75,19,NQ.v.0
2019-06-19 22:12:00+00:00,33,1,36742,7701.75,7701.75,7700.25,7701.0,16,NQ.v.0
2019-06-19 22:13:00+00:00,33,1,36742,7701.5,7701.5,7700.5,7700.5,5,NQ.v.0
2019-06-19 22:14:00+00:00,33,1,36742,7700.5,7701.0,7700.5,7701.0,7,NQ.v.0
2019-06-19 22:15:00+00:00,33,1,36742,7701.25,7704.0,7701.0,7702.75,50,NQ.v.0
2019-06-19 22:16:00+00:00,33,1,36742,7702.75,7703.0,7702.25,7702.25,13,NQ.v.0
2019-06-19 22:17:00+00:00,33,1,36742,7701.5,7701.5,7701.0,7701.5,5,NQ.v.0
2019-06-19 22:18:00+00:00,33,1,36742,7701.0,7701.25,7701.0,7701.25,5,NQ.v.0
2019-06-19 22:19:00+00:00,33,1,36742,7701.25,7701.25,7701.25,7701.25,2,NQ.v.0
2019-06-19 22:20:00+00:00,33,1,36742,7701.25,7701.25,7701.25,7701.25,1,NQ.v.0
2019-06-19 22:21:00+00:00,33,1,36742,7700.5,7700.5,7699.75,7700.25,24,NQ.v.0
2019-06-19 22:22:00+00:00,33,1,36742,7700.5,7701.0,7699.5,7700.75,30,NQ.v.0
2019-06-19 22:23:00+00:00,33,1,36742,7700.75,7700.75,7700.0,7700.0,3,NQ.v.0
2019-06-19 22:24:00+00:00,33,1,36742,7700.25,7701.5,7700.25,7701.0,18,NQ.v.0
2019-06-19 22:25:00+00:00,33,1,36742,7700.5,7701.0,7700.25,7700.5,17,NQ.v.0
2019-06-19 22:26:00+00:00,33,1,36742,7700.75,7701.0,7700.0,7700.5,8,NQ.v.0
2019-06-19 22:27:00+00:00,33,1,36742,7701.0,7701.25,7700.25,7700.5,10,NQ.v.0
2019-06-19 22:28:00+00:00,33,1,36742,7701.5,7702.0,7701.5,7702.0,11,NQ.v.0
2019-06-19 22:29:00+00:00,33,1,36742,7702.0,7702.5,7702.0,7702.0,18,NQ.v.0
2019-06-19 22:30:00+00:00,33,1,36742,7702.0,7702.75,7701.0,7701.0,45,NQ.v.0
2019-06-19 22:31:00+00:00,33,1,36742,7701.25,7702.0,7700.5,7700.5,24,NQ.v.0
2019-06-19 22:32:00+00:00,33,1,36742,7700.75,7702.0,7700.75,7702.0,12,NQ.v.0
2019-06-19 22:33:00+00:00,33,1,36742,7702.0,7702.0,7702.0,7702.0,4,NQ.v.0
2019-06-19 22:34:00+00:00,33,1,36742,7701.5,7701.75,7701.25,7701.25,8,NQ.v.0
2019-06-19 22:35:00+00:00,33,1,36742,7701.25,7702.5,7701.0,7702.5,33,NQ.v.0
2019-06-19 22:36:00+00:00,33,1,36742,7702.25,7702.75,7702.25,7702.75,11,NQ.v.0
2019-06-19 22:37:00+00:00,33,1,36742,7702.75,7705.75,7702.75,7705.75,143,NQ.v.0
2019-06-19 22:38:00+00:00,33,1,36742,7705.75,7706.25,7705.75,7706.0,40,NQ.v.0
2019-06-19 22:39:00+00:00,33,1,36742,7705.75,7706.0,7705.25,7705.25,28,NQ.v.0
2019-06-19 22:40:00+00:00,33,1,36742,7705.25,7705.75,7704.75,7705.25,25,NQ.v.0
2019-06-19 22:41:00+00:00,33,1,36742,7705.25,7707.25,7705.25,7707.0,36,NQ.v.0
2019-06-19 22:42:00+00:00,33,1,36742,7707.75,7707.75,7706.25,7706.5,42,NQ.v.0
2019-06-19 22:43:00+00:00,33,1,36742,7706.75,7707.5,7706.25,7706.75,44,NQ.v.0
2019-06-19 22:44:00+00:00,33,1,36742,7706.25,7707.25,7705.5,7705.75,84,NQ.v.0
2019-06-19 22:45:00+00:00,33,1,36742,7705.75,7710.0,7705.75,7710.0,99,NQ.v.0
2019-06-19 22:46:00+00:00,33,1,36742,7710.0,7710.5,7708.5,7709.75,99,NQ.v.0
2019-06-19 22:47:00+00:00,33,1,36742,7709.5,7714.5,7709.5,7713.25,264,NQ.v.0
2019-06-19 22:48:00+00:00,33,1,36742,7713.0,7716.0,7712.75,7715.75,166,NQ.v.0
2019-06-19 22:49:00+00:00,33,1,36742,7715.75,7715.75,7714.5,7715.25,30,NQ.v.0
2019-06-19 22:50:00+00:00,33,1,36742,7715.0,7718.0,7715.0,7717.75,147,NQ.v.0
2019-06-19 22:51:00+00:00,33,1,36742,7717.5,7717.75,7716.25,7716.25,97,NQ.v.0
2019-06-19 22:52:00+00:00,33,1,36742,7716.5,7717.0,7714.75,7716.75,118,NQ.v.0
2019-06-19 22:53:00+00:00,33,1,36742,7716.75,7717.25,7716.0,7717.25,68,NQ.v.0
2019-06-19 22:54:00+00:00,33,1,36742,7716.75,7717.0,7715.5,7715.5,46,NQ.v.0
2019-06-19 22:55:00+00:00,33,1,36742,7715.5,7715.5,7714.5,7714.5,25,NQ.v.0
2019-06-19 22:56:00+00:00,33,1,36742,7714.5,7714.5,7713.5,7714.0,41,NQ.v.0
2019-06-19 22:57:00+00:00,33,1,36742,7713.75,7715.0,7712.75,7715.0,46,NQ.v.0
2019-06-19 22:58:00+00:00,33,1,36742,7715.0,7715.0,7714.25,7714.75,18,NQ.v.0
2019-06-19 22:59:00+00:00,33,1,36742,7714.75,7714.75,7713.75,7713.75,14,NQ.v.0
2019-06-19 23:00:00+00:00,33,1,36742,7714.25,7714.5,7713.0,7713.25,53,NQ.v.0
2019-06-19 23:01:00+00:00,33,1,36742,7713.25,7714.75,7713.0,7714.5,54,NQ.v.0
2019-06-19 23:02:00+00:00,33,1,36742,7714.5,7715.0,7714.0,7715.0,24,NQ.v.0
2019-06-19 23:03:00+00:00,33,1,36742,7715.0,7715.5,7714.75,7715.25,36,NQ.v.0
2019-06-19 23:04:00+00:00,33,1,36742,7715.25,7715.25,7714.75,7714.75,6,NQ.v.0
2019-06-19 23:05:00+00:00,33,1,36742,7715.0,7715.0,7714.75,7714.75,16,NQ.v.0
2019-06-19 23:06:00+00:00,33,1,36742,7714.75,7714.75,7713.5,7714.25,37,NQ.v.0
2019-06-19 23:07:00+00:00,33,1,36742,7714.25,7714.25,7713.25,7713.25,15,NQ.v.0
2019-06-19 23:08:00+00:00,33,1,36742,7713.25,7714.0,7713.0,7714.0,38,NQ.v.0
2019-06-19 23:09:00+00:00,33,1,36742,7714.0,7714.25,7713.5,7713.5,32,NQ.v.0
2019-06-19 23:10:00+00:00,33,1,36742,7713.5,7714.5,7713.5,7714.5,12,NQ.v.0
2019-06-19 23:11:00+00:00,33,1,36742,7714.5,7714.5,7714.0,7714.5,7,NQ.v.0
2019-06-19 23:12:00+00:00,33,1,36742,7714.75,7716.75,7714.25,7716.75,51,NQ.v.0
2019-06-19 23:13:00+00:00,33,1,36742,7716.75,7717.25,7716.5,7716.75,37,NQ.v.0
2019-06-19 23:14:00+00:00,33,1,36742,7717.25,7717.75,7715.0,7715.25,66,NQ.v.0
2019-06-19 23:15:00+00:00,33,1,36742,7715.25,7717.5,7714.75,7717.5,44,NQ.v.0
2019-06-19 23:16:00+00:00,33,1,36742,7717.5,7718.5,7717.0,7718.25,60,NQ.v.0
2019-06-19 23:17:00+00:00,33,1,36742,7718.5,7723.0,7718.25,7720.0,289,NQ.v.0
2019-06-19 23:18:00+00:00,33,1,36742,7720.0,7720.5,7718.75,7718.75,54,NQ.v.0
2019-06-19 23:19:00+00:00,33,1,36742,7719.0,7719.75,7718.75,7719.25,37,NQ.v.0
2019-06-19 23:20:00+00:00,33,1,36742,7719.25,7719.5,7718.5,7719.25,61,NQ.v.0
2019-06-19 23:21:00+00:00,33,1,36742,7719.0,7719.0,7718.0,7718.0,23,NQ.v.0
2019-06-19 23:22:00+00:00,33,1,36742,7718.0,7718.25,7717.0,7718.25,41,NQ.v.0
2019-06-19 23:23:00+00:00,33,1,36742,7718.25,7718.75,7718.25,7718.75,40,NQ.v.0
2019-06-19 23:24:00+00:00,33,1,36742,7718.5,7719.5,7718.5,7718.75,49,NQ.v.0
2019-06-19 23:25:00+00:00,33,1,36742,7718.75,7719.75,7718.75,7719.75,34,NQ.v.0
2019-06-19 23:26:00+00:00,33,1,36742,7720.0,7720.75,7720.0,7720.75,34,NQ.v.0
2019-06-19 23:27:00+00:00,33,1,36742,7720.5,7722.25,7720.5,7721.25,66,NQ.v.0
2019-06-19 23:28:00+00:00,33,1,36742,7721.25,7722.25,7720.25,7721.75,42,NQ.v.0
2019-06-19 23:29:00+00:00,33,1,36742,7721.5,7721.75,7720.75,7721.0,17,NQ.v.0
2019-06-19 23:30:00+00:00,33,1,36742,7721.0,7721.5,7718.75,7718.75,36,NQ.v.0
2019-06-19 23:31:00+00:00,33,1,36742,7718.25,7724.75,7718.0,7723.75,120,NQ.v.0
2019-06-19 23:32:00+00:00,33,1,36742,7724.25,7725.5,7722.5,7725.5,125,NQ.v.0
2019-06-19 23:33:00+00:00,33,1,36742,7725.5,7725.5,7723.75,7724.0,69,NQ.v.0
2019-06-19 23:34:00+00:00,33,1,36742,7723.25,7723.5,7722.5,7723.5,21,NQ.v.0
2019-06-19 23:35:00+00:00,33,1,36742,7723.25,7724.0,7722.75,7724.0,23,NQ.v.0
2019-06-19 23:36:00+00:00,33,1,36742,7724.0,7724.25,7723.5,7723.5,14,NQ.v.0
2019-06-19 23:37:00+00:00,33,1,36742,7723.0,7723.25,7722.25,7723.25,34,NQ.v.0
2019-06-19 23:38:00+00:00,33,1,36742,7723.5,7723.75,7722.5,7722.5,34,NQ.v.0
2019-06-19 23:39:00+00:00,33,1,36742,7723.0,7723.25,7722.5,7722.5,28,NQ.v.0
2019-06-19 23:40:00+00:00,33,1,36742,7722.25,7723.0,7721.0,7721.5,47,NQ.v.0
2019-06-19 23:41:00+00:00,33,1,36742,7721.5,7722.25,7721.5,7722.0,10,NQ.v.0
2019-06-19 23:42:00+00:00,33,1,36742,7722.0,7722.25,7721.25,7721.5,20,NQ.v.0
2019-06-19 23:43:00+00:00,33,1,36742,7721.5,7722.75,7721.5,7722.75,26,NQ.v.0
2019-06-19 23:44:00+00:00,33,1,36742,7723.0,7724.5,7723.0,7723.0,115,NQ.v.0
2019-06-19 23:45:00+00:00,33,1,36742,7723.25,7725.75,7722.25,7725.5,169,NQ.v.0
2019-06-19 23:46:00+00:00,33,1,36742,7725.5,7729.25,7725.0,7728.5,454,NQ.v.0
2019-06-19 23:47:00+00:00,33,1,36742,7728.5,7729.0,7728.0,7728.5,90,NQ.v.0
2019-06-19 23:48:00+00:00,33,1,36742,7728.75,7729.0,7728.5,7729.0,35,NQ.v.0
2019-06-19 23:49:00+00:00,33,1,36742,7728.5,7728.5,7728.0,7728.0,51,NQ.v.0
2019-06-19 23:50:00+00:00,33,1,36742,7727.75,7728.5,7727.25,7728.0,48,NQ.v.0
2019-06-19 23:51:00+00:00,33,1,36742,7728.0,7728.75,7727.75,7728.75,38,NQ.v.0
2019-06-19 23:52:00+00:00,33,1,36742,7728.75,7729.5,7728.25,7729.0,147,NQ.v.0
2019-06-19 23:53:00+00:00,33,1,36742,7729.0,7732.25,7728.75,7730.0,205,NQ.v.0
2019-06-19 23:54:00+00:00,33,1,36742,7729.75,7730.0,7729.25,7729.75,25,NQ.v.0
2019-06-19 23:55:00+00:00,33,1,36742,7729.25,7729.25,7726.75,7726.75,97,NQ.v.0
2019-06-19 23:56:00+00:00,33,1,36742,7727.0,7727.5,7725.0,7726.0,133,NQ.v.0
2019-06-19 23:57:00+00:00,33,1,36742,7726.0,7727.5,7726.0,7727.0,134,NQ.v.0
2019-06-19 23:58:00+00:00,33,1,36742,7726.75,7728.25,7726.75,7728.25,87,NQ.v.0
2019-06-19 23:59:00+00:00,33,1,36742,7728.25,7729.0,7727.25,7727.25,61,NQ.v.0
2019-06-20 00:00:00+00:00,33,1,36742,7727.5,7728.5,7725.75,7726.5,209,NQ.v.0
2019-06-20 00:01:00+00:00,33,1,36742,7726.0,7729.5,7724.5,7728.0,199,NQ.v.0
2019-06-20 00:02:00+00:00,33,1,36742,7728.25,7730.5,7728.25,7730.0,130,NQ.v.0
2019-06-20 00:03:00+00:00,33,1,36742,7730.0,7731.0,7727.25,7727.5,142,NQ.v.0
2019-06-20 00:04:00+00:00,33,1,36742,7727.5,7728.25,7726.5,7728.0,57,NQ.v.0
2019-06-20 00:05:00+00:00,33,1,36742,7727.75,7730.75,7727.75,7730.0,95,NQ.v.0
2019-06-20 00:06:00+00:00,33,1,36742,7730.5,7731.25,7728.25,7729.0,129,NQ.v.0
2019-06-20 00:07:00+00:00,33,1,36742,7729.25,7732.0,7728.25,7729.0,159,NQ.v.0
2019-06-20 00:08:00+00:00,33,1,36742,7729.25,7730.75,7727.75,7730.25,133,NQ.v.0
2019-06-20 00:09:00+00:00,33,1,36742,7730.25,7730.5,7728.75,7728.75,59,NQ.v.0
2019-06-20 00:10:00+00:00,33,1,36742,7728.5,7730.0,7728.5,7730.0,69,NQ.v.0
2019-06-20 00:11:00+00:00,33,1,36742,7730.0,7732.5,7730.0,7732.5,132,NQ.v.0
2019-06-20 00:12:00+00:00,33,1,36742,7732.5,7734.0,7732.0,7732.5,155,NQ.v.0
2019-06-20 00:13:00+00:00,33,1,36742,7732.5,7732.5,7730.0,7730.5,92,NQ.v.0
2019-06-20 00:14:00+00:00,33,1,36742,7730.75,7731.5,7729.5,7729.5,109,NQ.v.0
2019-06-20 00:15:00+00:00,33,1,36742,7729.75,7730.0,7727.75,7727.75,141,NQ.v.0
2019-06-20 00:16:00+00:00,33,1,36742,7728.0,7728.75,7727.25,7728.0,76,NQ.v.0
2019-06-20 00:17:00+00:00,33,1,36742,7727.75,7728.5,7727.25,7728.25,123,NQ.v.0
2019-06-20 00:18:00+00:00,33,1,36742,7728.5,7729.25,7727.25,7729.0,113,NQ.v.0
2019-06-20 00:19:00+00:00,33,1,36742,7728.5,7729.0,7727.25,7728.5,102,NQ.v.0
2019-06-20 00:20:00+00:00,33,1,36742,7728.75,7729.75,7728.75,7729.25,107,NQ.v.0
2019-06-20 00:21:00+00:00,33,1,36742,7729.0,7730.0,7728.75,7729.5,74,NQ.v.0
2019-06-20 00:22:00+00:00,33,1,36742,7729.5,7729.75,7728.75,7729.0,26,NQ.v.0
2019-06-20 00:23:00+00:00,33,1,36742,7729.0,7730.5,7728.75,7730.0,48,NQ.v.0
2019-06-20 00:24:00+00:00,33,1,36742,7730.0,7730.25,7728.0,7728.25,61,NQ.v.0
2019-06-20 00:25:00+00:00,33,1,36742,7728.25,7728.25,7726.25,7727.5,83,NQ.v.0
2019-06-20 00:26:00+00:00,33,1,36742,7727.5,7729.0,7727.25,7728.25,89,NQ.v.0
2019-06-20 00:27:00+00:00,33,1,36742,7728.5,7729.25,7727.75,7728.75,59,NQ.v.0
2019-06-20 00:28:00+00:00,33,1,36742,7729.25,7729.5,7728.75,7729.0,50,NQ.v.0
2019-06-20 00:29:00+00:00,33,1,36742,7729.0,7729.25,7728.75,7729.25,25,NQ.v.0
2019-06-20 00:30:00+00:00,33,1,36742,7729.25,7732.0,7729.25,7730.5,170,NQ.v.0
2019-06-20 00:31:00+00:00,33,1,36742,7730.25,7730.25,7729.0,7730.0,69,NQ.v.0
2019-06-20 00:32:00+00:00,33,1,36742,7730.25,7731.25,7730.0,7730.0,37,NQ.v.0
2019-06-20 00:33:00+00:00,33,1,36742,7730.25,7730.5,7729.25,7729.75,36,NQ.v.0
2019-06-20 00:34:00+00:00,33,1,36742,7729.75,7731.5,7729.25,7730.5,74,NQ.v.0
2019-06-20 00:35:00+00:00,33,1,36742,7730.5,7730.5,7729.0,7729.5,68,NQ.v.0
2019-06-20 00:36:00+00:00,33,1,36742,7729.0,7730.25,7728.5,7729.5,46,NQ.v.0
2019-06-20 00:37:00+00:00,33,1,36742,7729.5,7731.25,7729.5,7731.0,58,NQ.v.0
2019-06-20 00:38:00+00:00,33,1,36742,7731.25,7733.25,7731.0,7732.75,132,NQ.v.0
2019-06-20 00:39:00+00:00,33,1,36742,7733.0,7733.0,7731.0,7732.25,133,NQ.v.0
2019-06-20 00:40:00+00:00,33,1,36742,7732.25,7732.75,7732.0,7732.25,42,NQ.v.0
2019-06-20 00:41:00+00:00,33,1,36742,7732.5,7736.0,7732.5,7735.5,247,NQ.v.0
2019-06-20 00:42:00+00:00,33,1,36742,7735.5,7739.5,7735.5,7737.75,406,NQ.v.0
2019-06-20 00:43:00+00:00,33,1,36742,7738.0,7738.75,7736.0,7736.0,168,NQ.v.0
2019-06-20 00:44:00+00:00,33,1,36742,7736.0,7736.5,7735.5,7735.75,118,NQ.v.0
2019-06-20 00:45:00+00:00,33,1,36742,7735.75,7736.25,7734.0,7735.0,118,NQ.v.0
2019-06-20 00:46:00+00:00,33,1,36742,7735.25,7735.5,7733.5,7733.5,98,NQ.v.0
2019-06-20 00:47:00+00:00,33,1,36742,7734.0,7734.25,7732.5,7733.25,127,NQ.v.0
2019-06-20 00:48:00+00:00,33,1,36742,7733.25,7733.75,7733.0,7733.25,43,NQ.v.0
2019-06-20 00:49:00+00:00,33,1,36742,7733.25,7734.0,7733.25,7734.0,40,NQ.v.0
2019-06-20 00:50:00+00:00,33,1,36742,7733.75,7736.0,7733.75,7736.0,96,NQ.v.0
2019-06-20 00:51:00+00:00,33,1,36742,7736.0,7736.0,7734.25,7735.5,56,NQ.v.0
2019-06-20 00:52:00+00:00,33,1,36742,7735.5,7737.5,7735.25,7736.5,84,NQ.v.0
2019-06-20 00:53:00+00:00,33,1,36742,7736.25,7737.25,7736.0,7736.25,62,NQ.v.0
2019-06-20 00:54:00+00:00,33,1,36742,7736.5,7737.0,7736.0,7737.0,35,NQ.v.0
2019-06-20 00:55:00+00:00,33,1,36742,7736.25,7736.75,7734.5,7735.25,165,NQ.v.0
2019-06-20 00:56:00+00:00,33,1,36742,7735.0,7736.75,7734.25,7735.5,88,NQ.v.0
2019-06-20 00:57:00+00:00,33,1,36742,7735.25,7736.0,7734.5,7734.5,64,NQ.v.0
2019-06-20 00:58:00+00:00,33,1,36742,7734.5,7735.0,7733.75,7735.0,64,NQ.v.0
2019-06-20 00:59:00+00:00,33,1,36742,7734.75,7736.25,7734.75,7736.25,71,NQ.v.0
2019-06-20 01:00:00+00:00,33,1,36742,7736.25,7738.75,7736.25,7738.25,251,NQ.v.0
2019-06-20 01:01:00+00:00,33,1,36742,7738.0,7738.75,7737.0,7738.5,142,NQ.v.0
2019-06-20 01:02:00+00:00,33,1,36742,7738.5,7741.75,7738.5,7741.0,294,NQ.v.0
2019-06-20 01:03:00+00:00,33,1,36742,7741.25,7743.75,7740.25,7743.75,298,NQ.v.0
2019-06-20 01:04:00+00:00,33,1,36742,7743.75,7747.25,7742.75,7745.25,485,NQ.v.0
2019-06-20 01:05:00+00:00,33,1,36742,7745.25,7746.0,7743.25,7743.25,258,NQ.v.0
2019-06-20 01:06:00+00:00,33,1,36742,7743.5,7744.0,7742.25,7743.25,167,NQ.v.0
2019-06-20 01:07:00+00:00,33,1,36742,7743.0,7743.75,7742.5,7743.0,67,NQ.v.0
2019-06-20 01:08:00+00:00,33,1,36742,7743.0,7745.25,7742.75,7744.75,107,NQ.v.0
2019-06-20 01:09:00+00:00,33,1,36742,7744.75,7749.0,7744.5,7747.0,488,NQ.v.0
2019-06-20 01:10:00+00:00,33,1,36742,7746.75,7746.75,7742.5,7743.25,192,NQ.v.0
2019-06-20 01:11:00+00:00,33,1,36742,7743.5,7743.75,7742.5,7743.0,82,NQ.v.0
2019-06-20 01:12:00+00:00,33,1,36742,7742.75,7743.5,7742.25,7742.75,82,NQ.v.0
2019-06-20 01:13:00+00:00,33,1,36742,7743.25,7743.5,7742.75,7742.75,41,NQ.v.0
2019-06-20 01:14:00+00:00,33,1,36742,7742.75,7744.5,7742.5,7743.75,58,NQ.v.0
2019-06-20 01:15:00+00:00,33,1,36742,7743.75,7744.0,7742.25,7742.5,93,NQ.v.0
2019-06-20 01:16:00+00:00,33,1,36742,7742.5,7743.5,7741.5,7741.75,121,NQ.v.0
2019-06-20 01:17:00+00:00,33,1,36742,7741.75,7743.5,7740.75,7742.0,157,NQ.v.0
2019-06-20 01:18:00+00:00,33,1,36742,7742.25,7742.5,7739.25,7739.75,146,NQ.v.0
2019-06-20 01:19:00+00:00,33,1,36742,7740.0,7740.0,7738.75,7738.75,94,NQ.v.0
2019-06-20 01:20:00+00:00,33,1,36742,7739.0,7740.75,7737.0,7740.5,174,NQ.v.0
2019-06-20 01:21:00+00:00,33,1,36742,7741.0,7741.25,7739.25,7739.5,126,NQ.v.0
2019-06-20 01:22:00+00:00,33,1,36742,7739.75,7740.25,7739.0,7739.0,61,NQ.v.0
2019-06-20 01:23:00+00:00,33,1,36742,7738.5,7741.5,7738.25,7741.0,171,NQ.v.0
2019-06-20 01:24:00+00:00,33,1,36742,7741.5,7743.0,7740.25,7740.75,143,NQ.v.0
2019-06-20 01:25:00+00:00,33,1,36742,7740.75,7743.0,7739.0,7741.75,139,NQ.v.0
2019-06-20 01:26:00+00:00,33,1,36742,7741.25,7744.5,7741.25,7744.0,125,NQ.v.0
2019-06-20 01:27:00+00:00,33,1,36742,7744.0,7745.25,7744.0,7744.5,205,NQ.v.0
2019-06-20 01:28:00+00:00,33,1,36742,7744.75,7746.0,7744.5,7746.0,80,NQ.v.0
2019-06-20 01:29:00+00:00,33,1,36742,7746.0,7746.0,7743.75,7744.25,109,NQ.v.0
2019-06-20 01:30:00+00:00,33,1,36742,7744.0,7745.0,7742.5,7745.0,151,NQ.v.0
2019-06-20 01:31:00+00:00,33,1,36742,7744.75,7745.0,7742.75,7744.25,156,NQ.v.0
2019-06-20 01:32:00+00:00,33,1,36742,7744.5,7746.0,7744.5,7745.5,49,NQ.v.0
2019-06-20 01:33:00+00:00,33,1,36742,7745.5,7747.0,7745.0,7746.75,141,NQ.v.0
2019-06-20 01:34:00+00:00,33,1,36742,7746.5,7747.0,7745.5,7746.5,63,NQ.v.0
2019-06-20 01:35:00+00:00,33,1,36742,7746.0,7746.5,7745.0,7745.5,55,NQ.v.0
2019-06-20 01:36:00+00:00,33,1,36742,7745.5,7745.75,7743.25,7744.25,84,NQ.v.0
2019-06-20 01:37:00+00:00,33,1,36742,7744.0,7746.0,7743.75,7745.5,84,NQ.v.0
2019-06-20 01:38:00+00:00,33,1,36742,7745.25,7746.5,7745.0,7746.25,134,NQ.v.0
2019-06-20 01:39:00+00:00,33,1,36742,7746.5,7746.75,7745.25,7746.25,60,NQ.v.0
2019-06-20 01:40:00+00:00,33,1,36742,7746.5,7746.5,7744.25,7744.75,70,NQ.v.0
2019-06-20 01:41:00+00:00,33,1,36742,7745.0,7747.25,7744.0,7744.25,187,NQ.v.0
2019-06-20 01:42:00+00:00,33,1,36742,7743.75,7744.25,7741.5,7742.0,148,NQ.v.0
2019-06-20 01:43:00+00:00,33,1,36742,7742.25,7743.25,7741.5,7743.0,138,NQ.v.0
2019-06-20 01:44:00+00:00,33,1,36742,7743.0,7743.75,7742.25,7743.25,61,NQ.v.0
2019-06-20 01:45:00+00:00,33,1,36742,7743.25,7745.0,7742.5,7744.75,64,NQ.v.0
2019-06-20 01:46:00+00:00,33,1,36742,7745.0,7745.25,7743.5,7744.0,87,NQ.v.0
2019-06-20 01:47:00+00:00,33,1,36742,7744.0,7744.75,7743.25,7743.25,39,NQ.v.0
2019-06-20 01:48:00+00:00,33,1,36742,7743.75,7745.0,7743.25,7743.25,88,NQ.v.0
2019-06-20 01:49:00+00:00,33,1,36742,7743.25,7743.5,7742.0,7743.5,147,NQ.v.0
2019-06-20 01:50:00+00:00,33,1,36742,7743.0,7744.25,7742.0,7743.75,181,NQ.v.0
2019-06-20 01:51:00+00:00,33,1,36742,7744.25,7745.75,7744.25,7745.25,90,NQ.v.0
2019-06-20 01:52:00+00:00,33,1,36742,7745.0,7746.25,7743.5,7746.25,212,NQ.v.0
2019-06-20 01:53:00+00:00,33,1,36742,7746.5,7746.5,7745.25,7746.25,61,NQ.v.0
2019-06-20 01:54:00+00:00,33,1,36742,7746.5,7746.75,7745.75,7746.25,46,NQ.v.0
2019-06-20 01:55:00+00:00,33,1,36742,7746.5,7748.25,7746.5,7747.5,129,NQ.v.0
2019-06-20 01:56:00+00:00,33,1,36742,7747.75,7747.75,7745.75,7747.25,99,NQ.v.0
2019-06-20 01:57:00+00:00,33,1,36742,7747.25,7747.5,7746.25,7746.25,42,NQ.v.0
2019-06-20 01:58:00+00:00,33,1,36742,7746.75,7748.0,7746.5,7747.75,36,NQ.v.0
2019-06-20 01:59:00+00:00,33,1,36742,7747.5,7749.0,7746.5,7748.5,147,NQ.v.0
2019-06-20 02:00:00+00:00,33,1,36742,7748.75,7748.75,7746.0,7747.75,161,NQ.v.0
2019-06-20 02:01:00+00:00,33,1,36742,7747.75,7748.75,7747.25,7748.75,51,NQ.v.0
2019-06-20 02:02:00+00:00,33,1,36742,7748.75,7748.75,7746.25,7746.5,88,NQ.v.0
2019-06-20 02:03:00+00:00,33,1,36742,7746.75,7746.75,7744.25,7744.75,150,NQ.v.0
2019-06-20 02:04:00+00:00,33,1,36742,7744.75,7745.5,7743.25,7744.0,243,NQ.v.0
2019-06-20 02:05:00+00:00,33,1,36742,7743.75,7745.5,7743.75,7744.25,113,NQ.v.0
2019-06-20 02:06:00+00:00,33,1,36742,7744.25,7744.5,7743.5,7743.5,28,NQ.v.0
2019-06-20 02:07:00+00:00,33,1,36742,7743.5,7744.75,7743.5,7744.75,36,NQ.v.0
2019-06-20 02:08:00+00:00,33,1,36742,7745.0,7746.5,7744.0,7745.5,184,NQ.v.0
2019-06-20 02:09:00+00:00,33,1,36742,7745.75,7746.0,7745.25,7745.25,23,NQ.v.0
2019-06-20 02:10:00+00:00,33,1,36742,7745.5,7746.25,7745.25,7746.0,55,NQ.v.0
2019-06-20 02:11:00+00:00,33,1,36742,7746.0,7746.5,7745.5,7746.0,44,NQ.v.0
2019-06-20 02:12:00+00:00,33,1,36742,7746.0,7747.25,7745.75,7747.25,100,NQ.v.0
2019-06-20 02:13:00+00:00,33,1,36742,7747.0,7747.75,7745.25,7747.0,164,NQ.v.0
2019-06-20 02:14:00+00:00,33,1,36742,7747.0,7747.75,7746.75,7747.25,97,NQ.v.0
2019-06-20 02:15:00+00:00,33,1,36742,7747.75,7749.25,7747.75,7748.5,129,NQ.v.0
2019-06-20 02:16:00+00:00,33,1,36742,7749.0,7749.75,7748.0,7748.75,200,NQ.v.0
2019-06-20 02:17:00+00:00,33,1,36742,7748.5,7749.25,7747.75,7748.75,117,NQ.v.0
2019-06-20 02:18:00+00:00,33,1,36742,7749.0,7749.25,7747.5,7748.0,54,NQ.v.0
2019-06-20 02:19:00+00:00,33,1,36742,7748.0,7749.25,7747.75,7748.5,87,NQ.v.0
2019-06-20 02:20:00+00:00,33,1,36742,7748.75,7749.0,7746.75,7748.0,193,NQ.v.0
2019-06-20 02:21:00+00:00,33,1,36742,7748.25,7751.0,7748.25,7750.75,300,NQ.v.0
2019-06-20 02:22:00+00:00,33,1,36742,7750.75,7752.5,7750.75,7752.0,208,NQ.v.0
2019-06-20 02:23:00+00:00,33,1,36742,7752.0,7756.75,7751.75,7756.5,469,NQ.v.0
2019-06-20 02:24:00+00:00,33,1,36742,7756.5,7759.75,7755.0,7755.0,625,NQ.v.0
2019-06-20 02:25:00+00:00,33,1,36742,7755.0,7755.25,7754.0,7754.0,158,NQ.v.0
2019-06-20 02:26:00+00:00,33,1,36742,7754.0,7755.0,7752.75,7753.25,146,NQ.v.0
2019-06-20 02:27:00+00:00,33,1,36742,7753.0,7754.75,7753.0,7754.0,80,NQ.v.0
2019-06-20 02:28:00+00:00,33,1,36742,7753.75,7755.5,7753.0,7755.5,242,NQ.v.0
2019-06-20 02:29:00+00:00,33,1,36742,7755.75,7757.25,7754.75,7755.0,126,NQ.v.0
2019-06-20 02:30:00+00:00,33,1,36742,7755.0,7755.25,7753.75,7753.75,87,NQ.v.0
2019-06-20 02:31:00+00:00,33,1,36742,7754.0,7754.0,7753.5,7754.0,90,NQ.v.0
2019-06-20 02:32:00+00:00,33,1,36742,7753.75,7754.75,7753.75,7754.5,37,NQ.v.0
2019-06-20 02:33:00+00:00,33,1,36742,7754.5,7755.75,7754.5,7755.25,33,NQ.v.0
2019-06-20 02:34:00+00:00,33,1,36742,7755.25,7755.75,7754.0,7755.5,49,NQ.v.0
2019-06-20 02:35:00+00:00,33,1,36742,7755.5,7755.5,7754.75,7755.0,16,NQ.v.0
2019-06-20 02:36:00+00:00,33,1,36742,7755.0,7757.5,7755.0,7757.25,110,NQ.v.0
2019-06-20 02:37:00+00:00,33,1,36742,7757.5,7758.0,7756.5,7756.5,68,NQ.v.0
2019-06-20 02:38:00+00:00,33,1,36742,7756.5,7756.75,7756.25,7756.25,29,NQ.v.0
2019-06-20 02:39:00+00:00,33,1,36742,7756.0,7756.25,7755.5,7755.75,40,NQ.v.0
2019-06-20 02:40:00+00:00,33,1,36742,7755.25,7755.5,7755.25,7755.5,17,NQ.v.0
2019-06-20 02:41:00+00:00,33,1,36742,7755.25,7756.0,7755.0,7755.75,16,NQ.v.0
2019-06-20 02:42:00+00:00,33,1,36742,7755.75,7757.75,7755.75,7757.25,35,NQ.v.0
2019-06-20 02:43:00+00:00,33,1,36742,7757.0,7757.0,7755.75,7756.0,15,NQ.v.0
2019-06-20 02:44:00+00:00,33,1,36742,7755.75,7756.0,7755.0,7755.0,27,NQ.v.0
2019-06-20 02:45:00+00:00,33,1,36742,7754.75,7755.0,7753.75,7754.0,70,NQ.v.0
2019-06-20 02:46:00+00:00,33,1,36742,7754.0,7755.0,7754.0,7754.5,25,NQ.v.0
2019-06-20 02:47:00+00:00,33,1,36742,7754.5,7756.0,7754.5,7755.75,57,NQ.v.0
2019-06-20 02:48:00+00:00,33,1,36742,7755.5,7756.75,7755.5,7756.75,77,NQ.v.0
2019-06-20 02:49:00+00:00,33,1,36742,7756.5,7757.0,7755.75,7756.5,75,NQ.v.0
2019-06-20 02:50:00+00:00,33,1,36742,7756.25,7757.0,7755.75,7756.5,47,NQ.v.0
2019-06-20 02:51:00+00:00,33,1,36742,7756.25,7756.5,7755.25,7755.25,87,NQ.v.0
2019-06-20 02:52:00+00:00,33,1,36742,7755.25,7756.0,7754.5,7755.25,63,NQ.v.0
2019-06-20 02:53:00+00:00,33,1,36742,7755.25,7755.5,7753.75,7753.75,74,NQ.v.0
2019-06-20 02:54:00+00:00,33,1,36742,7754.0,7754.25,7753.0,7754.0,123,NQ.v.0
2019-06-20 02:55:00+00:00,33,1,36742,7754.0,7754.75,7753.25,7754.0,54,NQ.v.0
2019-06-20 02:56:00+00:00,33,1,36742,7754.5,7755.5,7754.0,7754.0,60,NQ.v.0
2019-06-20 02:57:00+00:00,33,1,36742,7754.25,7755.5,7754.25,7755.0,66,NQ.v.0
2019-06-20 02:58:00+00:00,33,1,36742,7755.25,7755.25,7753.0,7754.0,60,NQ.v.0
2019-06-20 02:59:00+00:00,33,1,36742,7753.75,7753.75,7751.75,7752.75,121,NQ.v.0
2019-06-20 03:00:00+00:00,33,1,36742,7752.75,7753.0,7752.25,7752.75,49,NQ.v.0
2019-06-20 03:01:00+00:00,33,1,36742,7752.5,7754.25,7752.5,7753.5,64,NQ.v.0
2019-06-20 03:02:00+00:00,33,1,36742,7753.5,7754.0,7753.0,7753.0,43,NQ.v.0
2019-06-20 03:03:00+00:00,33,1,36742,7753.0,7754.75,7753.0,7754.75,24,NQ.v.0
2019-06-20 03:04:00+00:00,33,1,36742,7754.75,7755.75,7754.75,7755.5,89,NQ.v.0
2019-06-20 03:05:00+00:00,33,1,36742,7756.0,7756.25,7755.25,7755.5,65,NQ.v.0
2019-06-20 03:06:00+00:00,33,1,36742,7755.75,7755.75,7754.25,7754.5,39,NQ.v.0
2019-06-20 03:07:00+00:00,33,1,36742,7754.5,7754.5,7754.0,7754.0,16,NQ.v.0
2019-06-20 03:08:00+00:00,33,1,36742,7754.5,7755.25,7754.0,7754.5,53,NQ.v.0
2019-06-20 03:09:00+00:00,33,1,36742,7754.75,7755.0,7754.5,7754.5,21,NQ.v.0
2019-06-20 03:10:00+00:00,33,1,36742,7754.75,7755.5,7754.5,7755.25,15,NQ.v.0
2019-06-20 03:11:00+00:00,33,1,36742,7755.5,7756.5,7755.25,7756.5,20,NQ.v.0
2019-06-20 03:12:00+00:00,33,1,36742,7756.5,7758.0,7756.5,7757.75,90,NQ.v.0
2019-06-20 03:13:00+00:00,33,1,36742,7757.5,7759.25,7757.0,7758.75,79,NQ.v.0
2019-06-20 03:14:00+00:00,33,1,36742,7758.75,7759.5,7758.5,7759.0,84,NQ.v.0
2019-06-20 03:15:00+00:00,33,1,36742,7759.25,7760.25,7758.25,7760.0,164,NQ.v.0
2019-06-20 03:16:00+00:00,33,1,36742,7759.75,7759.75,7759.0,7759.25,55,NQ.v.0
2019-06-20 03:17:00+00:00,33,1,36742,7758.75,7759.5,7758.5,7759.5,68,NQ.v.0
2019-06-20 03:18:00+00:00,33,1,36742,7759.25,7760.0,7758.5,7759.25,47,NQ.v.0
2019-06-20 03:19:00+00:00,33,1,36742,7759.25,7760.0,7759.0,7759.0,37,NQ.v.0
2019-06-20 03:20:00+00:00,33,1,36742,7758.75,7760.75,7758.25,7760.0,129,NQ.v.0
2019-06-20 03:21:00+00:00,33,1,36742,7760.0,7763.25,7760.0,7761.5,263,NQ.v.0
2019-06-20 03:22:00+00:00,33,1,36742,7761.75,7761.75,7760.25,7761.0,88,NQ.v.0
2019-06-20 03:23:00+00:00,33,1,36742,7761.0,7761.0,7759.5,7759.75,82,NQ.v.0
2019-06-20 03:24:00+00:00,33,1,36742,7760.0,7760.75,7759.25,7760.75,47,NQ.v.0
2019-06-20 03:25:00+00:00,33,1,36742,7760.75,7762.0,7760.25,7762.0,60,NQ.v.0
2019-06-20 03:26:00+00:00,33,1,36742,7762.25,7762.5,7761.5,7761.75,55,NQ.v.0
2019-06-20 03:27:00+00:00,33,1,36742,7761.5,7761.75,7760.75,7761.25,72,NQ.v.0
2019-06-20 03:28:00+00:00,33,1,36742,7761.5,7762.5,7761.25,7761.25,65,NQ.v.0
2019-06-20 03:29:00+00:00,33,1,36742,7761.25,7761.25,7759.5,7759.75,71,NQ.v.0
2019-06-20 03:30:00+00:00,33,1,36742,7760.0,7760.75,7759.0,7759.25,51,NQ.v.0
2019-06-20 03:31:00+00:00,33,1,36742,7759.25,7760.25,7758.75,7760.25,42,NQ.v.0
2019-06-20 03:32:00+00:00,33,1,36742,7760.25,7761.25,7760.25,7761.25,39,NQ.v.0
2019-06-20 03:33:00+00:00,33,1,36742,7761.25,7761.75,7761.0,7761.25,77,NQ.v.0
2019-06-20 03:34:00+00:00,33,1,36742,7761.25,7761.5,7761.0,7761.0,22,NQ.v.0
2019-06-20 03:35:00+00:00,33,1,36742,7760.75,7760.75,7759.75,7760.5,57,NQ.v.0
2019-06-20 03:36:00+00:00,33,1,36742,7760.5,7761.0,7760.25,7760.5,16,NQ.v.0
2019-06-20 03:37:00+00:00,33,1,36742,7760.5,7760.75,7760.5,7760.75,10,NQ.v.0
2019-06-20 03:38:00+00:00,33,1,36742,7760.75,7761.0,7760.25,7761.0,25,NQ.v.0
2019-06-20 03:39:00+00:00,33,1,36742,7760.75,7762.75,7760.75,7761.25,134,NQ.v.0
2019-06-20 03:40:00+00:00,33,1,36742,7761.25,7761.5,7761.25,7761.5,20,NQ.v.0
2019-06-20 03:41:00+00:00,33,1,36742,7761.0,7761.25,7760.75,7760.75,20,NQ.v.0
2019-06-20 03:42:00+00:00,33,1,36742,7760.75,7761.75,7760.5,7761.5,75,NQ.v.0
2019-06-20 03:43:00+00:00,33,1,36742,7762.0,7763.0,7762.0,7762.5,44,NQ.v.0
2019-06-20 03:44:00+00:00,33,1,36742,7762.5,7763.0,7762.5,7763.0,28,NQ.v.0
2019-06-20 03:45:00+00:00,33,1,36742,7763.0,7763.25,7762.75,7762.75,27,NQ.v.0
2019-06-20 03:46:00+00:00,33,1,36742,7762.5,7764.25,7762.5,7764.0,88,NQ.v.0
2019-06-20 03:47:00+00:00,33,1,36742,7764.25,7764.25,7763.5,7763.5,27,NQ.v.0
2019-06-20 03:48:00+00:00,33,1,36742,7764.0,7764.25,7763.25,7764.0,82,NQ.v.0
2019-06-20 03:49:00+00:00,33,1,36742,7764.0,7766.0,7764.0,7765.0,178,NQ.v.0
2019-06-20 03:50:00+00:00,33,1,36742,7765.0,7766.0,7764.75,7765.0,62,NQ.v.0
2019-06-20 03:51:00+00:00,33,1,36742,7765.0,7765.0,7763.5,7763.75,50,NQ.v.0
2019-06-20 03:52:00+00:00,33,1,36742,7763.5,7763.75,7762.25,7762.75,60,NQ.v.0
2019-06-20 03:53:00+00:00,33,1,36742,7763.0,7763.25,7762.75,7762.75,29,NQ.v.0
2019-06-20 03:54:00+00:00,33,1,36742,7763.0,7763.5,7762.25,7762.25,32,NQ.v.0
2019-06-20 03:55:00+00:00,33,1,36742,7763.0,7763.5,7763.0,7763.0,24,NQ.v.0
2019-06-20 03:56:00+00:00,33,1,36742,7763.0,7764.5,7763.0,7764.25,48,NQ.v.0
2019-06-20 03:57:00+00:00,33,1,36742,7764.25,7764.5,7764.25,7764.25,17,NQ.v.0
2019-06-20 03:58:00+00:00,33,1,36742,7764.5,7764.75,7762.75,7763.0,41,NQ.v.0
2019-06-20 03:59:00+00:00,33,1,36742,7763.0,7763.5,7762.5,7762.5,36,NQ.v.0
2019-06-20 04:00:00+00:00,33,1,36742,7762.5,7762.5,7761.5,7762.0,56,NQ.v.0
2019-06-20 04:01:00+00:00,33,1,36742,7762.0,7762.75,7762.0,7762.5,43,NQ.v.0
2019-06-20 04:02:00+00:00,33,1,36742,7762.25,7762.5,7762.25,7762.25,13,NQ.v.0
2019-06-20 04:03:00+00:00,33,1,36742,7762.5,7763.5,7762.5,7763.0,46,NQ.v.0
2019-06-20 04:04:00+00:00,33,1,36742,7763.25,7763.25,7761.75,7762.0,45,NQ.v.0
2019-06-20 04:05:00+00:00,33,1,36742,7762.25,7762.5,7762.0,7762.5,31,NQ.v.0
2019-06-20 04:06:00+00:00,33,1,36742,7762.25,7762.25,7762.25,7762.25,6,NQ.v.0
2019-06-20 04:07:00+00:00,33,1,36742,7762.25,7762.75,7761.0,7761.25,58,NQ.v.0
2019-06-20 04:08:00+00:00,33,1,36742,7761.25,7761.75,7761.25,7761.25,17,NQ.v.0
2019-06-20 04:09:00+00:00,33,1,36742,7761.25,7761.25,7760.75,7761.0,34,NQ.v.0
2019-06-20 04:10:00+00:00,33,1,36742,7761.0,7761.5,7761.0,7761.0,24,NQ.v.0
2019-06-20 04:11:00+00:00,33,1,36742,7761.0,7761.5,7760.75,7761.5,36,NQ.v.0
2019-06-20 04:12:00+00:00,33,1,36742,7761.25,7761.5,7760.75,7760.75,9,NQ.v.0
2019-06-20 04:13:00+00:00,33,1,36742,7761.0,7761.25,7761.0,7761.0,14,NQ.v.0
2019-06-20 04:14:00+00:00,33,1,36742,7760.75,7760.75,7760.5,7760.5,11,NQ.v.0
2019-06-20 04:15:00+00:00,33,1,36742,7760.5,7760.5,7759.75,7760.25,91,NQ.v.0
2019-06-20 04:16:00+00:00,33,1,36742,7760.5,7760.5,7760.0,7760.5,19,NQ.v.0
2019-06-20 04:17:00+00:00,33,1,36742,7760.5,7761.0,7760.5,7761.0,13,NQ.v.0
2019-06-20 04:18:00+00:00,33,1,36742,7761.0,7761.5,7761.0,7761.25,45,NQ.v.0
2019-06-20 04:19:00+00:00,33,1,36742,7761.0,7761.0,7760.5,7761.0,11,NQ.v.0
2019-06-20 04:20:00+00:00,33,1,36742,7761.25,7761.75,7761.25,7761.5,15,NQ.v.0
2019-06-20 04:21:00+00:00,33,1,36742,7761.0,7761.25,7761.0,7761.0,9,NQ.v.0
2019-06-20 04:22:00+00:00,33,1,36742,7760.75,7760.75,7760.5,7760.5,3,NQ.v.0
2019-06-20 04:23:00+00:00,33,1,36742,7760.5,7761.25,7760.5,7761.0,12,NQ.v.0
2019-06-20 04:24:00+00:00,33,1,36742,7761.0,7761.0,7760.75,7760.75,7,NQ.v.0
2019-06-20 04:25:00+00:00,33,1,36742,7760.25,7760.5,7760.25,7760.25,18,NQ.v.0
2019-06-20 04:26:00+00:00,33,1,36742,7760.0,7760.5,7759.75,7760.25,36,NQ.v.0
2019-06-20 04:27:00+00:00,33,1,36742,7760.0,7760.75,7759.75,7760.5,15,NQ.v.0
2019-06-20 04:28:00+00:00,33,1,36742,7760.5,7761.0,7760.5,7760.75,14,NQ.v.0
2019-06-20 04:29:00+00:00,33,1,36742,7760.5,7760.5,7760.25,7760.25,5,NQ.v.0
2019-06-20 04:30:00+00:00,33,1,36742,7760.25,7761.25,7760.25,7761.0,35,NQ.v.0
2019-06-20 04:31:00+00:00,33,1,36742,7761.0,7761.0,7760.5,7760.5,8,NQ.v.0
2019-06-20 04:32:00+00:00,33,1,36742,7760.25,7760.5,7760.25,7760.25,8,NQ.v.0
2019-06-20 04:33:00+00:00,33,1,36742,7760.0,7760.0,7759.0,7759.25,50,NQ.v.0
2019-06-20 04:34:00+00:00,33,1,36742,7759.5,7759.5,7758.75,7759.5,49,NQ.v.0
2019-06-20 04:35:00+00:00,33,1,36742,7759.25,7760.25,7759.0,7760.0,16,NQ.v.0
2019-06-20 04:36:00+00:00,33,1,36742,7760.0,7760.25,7759.5,7760.0,32,NQ.v.0
2019-06-20 04:37:00+00:00,33,1,36742,7760.0,7760.0,7759.5,7760.0,16,NQ.v.0
2019-06-20 04:38:00+00:00,33,1,36742,7759.75,7760.0,7759.25,7759.25,10,NQ.v.0
2019-06-20 04:39:00+00:00,33,1,36742,7759.5,7760.0,7759.5,7760.0,14,NQ.v.0
2019-06-20 04:40:00+00:00,33,1,36742,7759.75,7760.5,7759.75,7760.5,14,NQ.v.0
2019-06-20 04:41:00+00:00,33,1,36742,7760.5,7760.5,7759.25,7759.25,28,NQ.v.0
2019-06-20 04:42:00+00:00,33,1,36742,7759.25,7759.75,7759.0,7759.75,8,NQ.v.0
2019-06-20 04:43:00+00:00,33,1,36742,7760.0,7760.0,7759.25,7759.75,15,NQ.v.0
2019-06-20 04:44:00+00:00,33,1,36742,7760.0,7760.0,7759.25,7759.25,17,NQ.v.0
2019-06-20 04:45:00+00:00,33,1,36742,7759.5,7759.5,7757.5,7758.5,59,NQ.v.0
2019-06-20 04:46:00+00:00,33,1,36742,7758.25,7758.25,7758.0,7758.0,12,NQ.v.0
2019-06-20 04:47:00+00:00,33,1,36742,7758.25,7758.5,7757.75,7758.0,32,NQ.v.0
2019-06-20 04:48:00+00:00,33,1,36742,7757.75,7757.75,7757.5,7757.5,26,NQ.v.0
2019-06-20 04:49:00+00:00,33,1,36742,7757.5,7758.0,7757.5,7757.5,24,NQ.v.0
2019-06-20 04:50:00+00:00,33,1,36742,7757.5,7758.25,7757.0,7758.25,90,NQ.v.0
2019-06-20 04:51:00+00:00,33,1,36742,7758.25,7759.0,7757.75,7757.75,30,NQ.v.0
2019-06-20 04:52:00+00:00,33,1,36742,7757.5,7757.75,7757.0,7757.75,41,NQ.v.0
2019-06-20 04:53:00+00:00,33,1,36742,7758.0,7758.0,7757.5,7757.5,24,NQ.v.0
2019-06-20 04:54:00+00:00,33,1,36742,7757.75,7758.75,7757.75,7758.5,16,NQ.v.0
2019-06-20 04:55:00+00:00,33,1,36742,7758.5,7758.75,7758.25,7758.75,22,NQ.v.0
2019-06-20 04:56:00+00:00,33,1,36742,7758.75,7759.0,7758.75,7758.75,15,NQ.v.0
2019-06-20 04:57:00+00:00,33,1,36742,7759.0,7759.75,7759.0,7759.25,29,NQ.v.0
2019-06-20 04:58:00+00:00,33,1,36742,7759.5,7760.0,7759.5,7759.75,23,NQ.v.0
2019-06-20 04:59:00+00:00,33,1,36742,7760.25,7763.25,7760.0,7763.25,174,NQ.v.0
2019-06-20 05:00:00+00:00,33,1,36742,7763.25,7763.25,7762.5,7762.5,97,NQ.v.0
2019-06-20 05:01:00+00:00,33,1,36742,7762.25,7762.5,7761.25,7761.5,59,NQ.v.0
2019-06-20 05:02:00+00:00,33,1,36742,7761.75,7762.0,7761.5,7761.75,17,NQ.v.0
2019-06-20 05:03:00+00:00,33,1,36742,7762.0,7762.0,7761.0,7761.0,17,NQ.v.0
2019-06-20 05:04:00+00:00,33,1,36742,7761.0,7761.0,7760.0,7760.5,61,NQ.v.0
2019-06-20 05:05:00+00:00,33,1,36742,7760.75,7761.5,7760.25,7760.75,47,NQ.v.0
2019-06-20 05:06:00+00:00,33,1,36742,7761.0,7761.75,7760.5,7761.5,140,NQ.v.0
2019-06-20 05:07:00+00:00,33,1,36742,7761.5,7761.75,7760.5,7760.75,56,NQ.v.0
2019-06-20 05:08:00+00:00,33,1,36742,7761.0,7761.0,7759.75,7760.0,51,NQ.v.0
2019-06-20 05:09:00+00:00,33,1,36742,7759.75,7759.75,7759.0,7759.25,43,NQ.v.0
2019-06-20 05:10:00+00:00,33,1,36742,7759.25,7759.75,7757.5,7758.0,181,NQ.v.0
2019-06-20 05:11:00+00:00,33,1,36742,7757.75,7758.25,7757.5,7758.0,103,NQ.v.0
2019-06-20 05:12:00+00:00,33,1,36742,7758.0,7758.0,7754.25,7754.75,247,NQ.v.0
2019-06-20 05:13:00+00:00,33,1,36742,7754.5,7756.0,7754.25,7755.5,82,NQ.v.0
2019-06-20 05:14:00+00:00,33,1,36742,7755.5,7756.75,7755.5,7756.25,34,NQ.v.0
2019-06-20 05:15:00+00:00,33,1,36742,7756.25,7756.25,7754.25,7754.5,56,NQ.v.0
2019-06-20 05:16:00+00:00,33,1,36742,7754.75,7755.75,7754.5,7755.75,31,NQ.v.0
2019-06-20 05:17:00+00:00,33,1,36742,7755.5,7756.25,7755.25,7756.25,12,NQ.v.0
2019-06-20 05:18:00+00:00,33,1,36742,7756.0,7756.0,7755.5,7755.5,17,NQ.v.0
2019-06-20 05:19:00+00:00,33,1,36742,7755.0,7755.25,7753.25,7753.25,93,NQ.v.0
2019-06-20 05:20:00+00:00,33,1,36742,7753.5,7754.75,7753.25,7754.5,60,NQ.v.0
2019-06-20 05:21:00+00:00,33,1,36742,7754.25,7755.25,7754.0,7755.0,48,NQ.v.0
2019-06-20 05:22:00+00:00,33,1,36742,7755.5,7756.25,7755.25,7756.0,45,NQ.v.0
2019-06-20 05:23:00+00:00,33,1,36742,7755.75,7755.75,7754.5,7755.0,39,NQ.v.0
2019-06-20 05:24:00+00:00,33,1,36742,7755.0,7756.5,7755.0,7756.5,29,NQ.v.0
2019-06-20 05:25:00+00:00,33,1,36742,7756.5,7757.25,7756.25,7757.0,56,NQ.v.0
2019-06-20 05:26:00+00:00,33,1,36742,7757.0,7757.5,7756.75,7757.25,28,NQ.v.0
2019-06-20 05:27:00+00:00,33,1,36742,7757.0,7757.75,7757.0,7757.5,112,NQ.v.0
2019-06-20 05:28:00+00:00,33,1,36742,7757.5,7759.25,7757.5,7758.75,127,NQ.v.0
2019-06-20 05:29:00+00:00,33,1,36742,7759.0,7759.0,7757.25,7757.5,47,NQ.v.0
2019-06-20 05:30:00+00:00,33,1,36742,7757.5,7758.0,7757.0,7757.25,29,NQ.v.0
2019-06-20 05:31:00+00:00,33,1,36742,7757.5,7759.25,7757.5,7759.25,52,NQ.v.0
2019-06-20 05:32:00+00:00,33,1,36742,7759.0,7759.75,7758.0,7759.75,35,NQ.v.0
2019-06-20 05:33:00+00:00,33,1,36742,7759.5,7760.0,7759.0,7760.0,58,NQ.v.0
2019-06-20 05:34:00+00:00,33,1,36742,7760.0,7760.0,7759.0,7759.75,111,NQ.v.0
2019-06-20 05:35:00+00:00,33,1,36742,7759.5,7760.0,7758.5,7759.75,61,NQ.v.0
2019-06-20 05:36:00+00:00,33,1,36742,7759.5,7759.5,7758.25,7758.25,61,NQ.v.0
2019-06-20 05:37:00+00:00,33,1,36742,7758.75,7759.0,7757.25,7757.5,41,NQ.v.0
2019-06-20 05:38:00+00:00,33,1,36742,7757.75,7757.75,7757.5,7757.5,12,NQ.v.0
2019-06-20 05:39:00+00:00,33,1,36742,7757.5,7757.5,7756.75,7756.75,28,NQ.v.0
2019-06-20 05:40:00+00:00,33,1,36742,7757.25,7758.75,7757.25,7758.75,36,NQ.v.0
2019-06-20 05:41:00+00:00,33,1,36742,7759.0,7759.25,7757.75,7758.75,82,NQ.v.0
2019-06-20 05:42:00+00:00,33,1,36742,7759.0,7760.0,7759.0,7759.75,43,NQ.v.0
2019-06-20 05:43:00+00:00,33,1,36742,7759.5,7759.5,7758.5,7759.5,35,NQ.v.0
2019-06-20 05:44:00+00:00,33,1,36742,7759.25,7759.25,7757.75,7757.75,49,NQ.v.0
2019-06-20 05:45:00+00:00,33,1,36742,7758.0,7760.0,7758.0,7759.25,50,NQ.v.0
2019-06-20 05:46:00+00:00,33,1,36742,7759.5,7759.5,7759.25,7759.25,10,NQ.v.0
2019-06-20 05:47:00+00:00,33,1,36742,7759.5,7760.0,7759.25,7759.5,59,NQ.v.0
2019-06-20 05:48:00+00:00,33,1,36742,7759.25,7760.0,7759.25,7759.75,58,NQ.v.0
2019-06-20 05:49:00+00:00,33,1,36742,7759.75,7759.75,7757.75,7758.25,65,NQ.v.0
2019-06-20 05:50:00+00:00,33,1,36742,7758.25,7759.5,7758.25,7759.25,43,NQ.v.0
2019-06-20 05:51:00+00:00,33,1,36742,7759.25,7759.5,7758.5,7758.5,30,NQ.v.0
2019-06-20 05:52:00+00:00,33,1,36742,7758.5,7759.25,7756.5,7756.5,118,NQ.v.0
2019-06-20 05:53:00+00:00,33,1,36742,7756.75,7757.5,7756.5,7757.25,63,NQ.v.0
2019-06-20 05:54:00+00:00,33,1,36742,7757.25,7757.25,7755.75,7756.25,50,NQ.v.0
2019-06-20 05:55:00+00:00,33,1,36742,7756.75,7756.75,7755.5,7756.0,31,NQ.v.0
2019-06-20 05:56:00+00:00,33,1,36742,7756.5,7757.0,7755.5,7755.75,94,NQ.v.0
2019-06-20 05:57:00+00:00,33,1,36742,7755.75,7756.25,7755.0,7755.0,34,NQ.v.0
2019-06-20 05:58:00+00:00,33,1,36742,7755.0,7755.75,7754.5,7755.5,20,NQ.v.0
2019-06-20 05:59:00+00:00,33,1,36742,7755.25,7755.75,7754.25,7754.75,48,NQ.v.0
2019-06-20 06:00:00+00:00,33,1,36742,7754.25,7755.25,7752.75,7752.75,189,NQ.v.0
2019-06-20 06:01:00+00:00,33,1,36742,7752.5,7753.5,7752.5,7752.75,60,NQ.v.0
2019-06-20 06:02:00+00:00,33,1,36742,7752.25,7753.75,7752.25,7752.75,142,NQ.v.0
2019-06-20 06:03:00+00:00,33,1,36742,7753.25,7753.5,7752.5,7752.75,107,NQ.v.0
2019-06-20 06:04:00+00:00,33,1,36742,7752.75,7755.0,7752.0,7755.0,110,NQ.v.0
2019-06-20 06:05:00+00:00,33,1,36742,7755.0,7758.0,7755.0,7757.25,159,NQ.v.0
2019-06-20 06:06:00+00:00,33,1,36742,7757.5,7757.75,7756.25,7756.25,55,NQ.v.0
2019-06-20 06:07:00+00:00,33,1,36742,7756.25,7757.5,7755.75,7757.5,35,NQ.v.0
2019-06-20 06:08:00+00:00,33,1,36742,7757.25,7758.75,7756.75,7758.75,103,NQ.v.0
2019-06-20 06:09:00+00:00,33,1,36742,7758.5,7759.75,7757.5,7758.0,124,NQ.v.0
2019-06-20 06:10:00+00:00,33,1,36742,7758.25,7759.0,7758.0,7758.25,41,NQ.v.0
2019-06-20 06:11:00+00:00,33,1,36742,7758.25,7759.5,7758.25,7759.25,64,NQ.v.0
2019-06-20 06:12:00+00:00,33,1,36742,7759.25,7759.25,7758.25,7759.25,75,NQ.v.0
2019-06-20 06:13:00+00:00,33,1,36742,7759.25,7759.75,7758.25,7758.25,107,NQ.v.0
2019-06-20 06:14:00+00:00,33,1,36742,7758.5,7758.5,7756.25,7757.0,92,NQ.v.0
2019-06-20 06:15:00+00:00,33,1,36742,7757.25,7758.75,7757.25,7758.25,136,NQ.v.0
2019-06-20 06:16:00+00:00,33,1,36742,7758.25,7759.0,7758.25,7759.0,39,NQ.v.0
2019-06-20 06:17:00+00:00,33,1,36742,7759.25,7760.0,7758.0,7759.75,127,NQ.v.0
2019-06-20 06:18:00+00:00,33,1,36742,7760.0,7760.0,7759.25,7759.5,74,NQ.v.0
2019-06-20 06:19:00+00:00,33,1,36742,7759.5,7759.5,7758.5,7758.75,32,NQ.v.0
2019-06-20 06:20:00+00:00,33,1,36742,7758.5,7759.75,7756.5,7757.75,151,NQ.v.0
2019-06-20 06:21:00+00:00,33,1,36742,7758.0,7759.5,7757.75,7759.5,93,NQ.v.0
2019-06-20 06:22:00+00:00,33,1,36742,7759.5,7760.0,7759.25,7759.75,87,NQ.v.0
2019-06-20 06:23:00+00:00,33,1,36742,7759.75,7761.25,7759.75,7761.0,162,NQ.v.0
2019-06-20 06:24:00+00:00,33,1,36742,7761.25,7761.5,7759.75,7760.75,204,NQ.v.0
2019-06-20 06:25:00+00:00,33,1,36742,7761.0,7762.75,7760.75,7762.75,128,NQ.v.0
2019-06-20 06:26:00+00:00,33,1,36742,7762.75,7767.0,7762.5,7765.75,548,NQ.v.0
2019-06-20 06:27:00+00:00,33,1,36742,7765.75,7767.25,7765.5,7767.0,193,NQ.v.0
2019-06-20 06:28:00+00:00,33,1,36742,7767.0,7769.25,7766.25,7768.0,339,NQ.v.0
2019-06-20 06:29:00+00:00,33,1,36742,7767.75,7770.25,7767.75,7769.25,359,NQ.v.0
2019-06-20 06:30:00+00:00,33,1,36742,7769.0,7769.0,7768.0,7769.0,153,NQ.v.0
2019-06-20 06:31:00+00:00,33,1,36742,7769.25,7773.25,7768.75,7772.75,343,NQ.v.0
2019-06-20 06:32:00+00:00,33,1,36742,7773.0,7775.25,7772.25,7774.75,312,NQ.v.0
2019-06-20 06:33:00+00:00,33,1,36742,7774.75,7775.0,7770.75,7771.0,348,NQ.v.0
2019-06-20 06:34:00+00:00,33,1,36742,7771.0,7771.0,7770.0,7770.0,107,NQ.v.0
2019-06-20 06:35:00+00:00,33,1,36742,7770.25,7770.25,7768.5,7769.0,99,NQ.v.0
2019-06-20 06:36:00+00:00,33,1,36742,7769.0,7769.25,7766.0,7767.0,237,NQ.v.0
2019-06-20 06:37:00+00:00,33,1,36742,7767.0,7767.5,7766.5,7766.75,69,NQ.v.0
2019-06-20 06:38:00+00:00,33,1,36742,7766.75,7766.75,7765.75,7766.25,51,NQ.v.0
2019-06-20 06:39:00+00:00,33,1,36742,7766.5,7768.75,7765.5,7768.0,131,NQ.v.0
2019-06-20 06:40:00+00:00,33,1,36742,7768.25,7769.25,7766.75,7767.5,91,NQ.v.0
2019-06-20 06:41:00+00:00,33,1,36742,7767.75,7768.5,7767.75,7768.25,34,NQ.v.0
2019-06-20 06:42:00+00:00,33,1,36742,7768.25,7768.5,7767.25,7767.5,49,NQ.v.0
2019-06-20 06:43:00+00:00,33,1,36742,7767.25,7768.75,7767.25,7768.75,48,NQ.v.0
2019-06-20 06:44:00+00:00,33,1,36742,7768.5,7771.75,7768.5,7771.75,90,NQ.v.0
2019-06-20 06:45:00+00:00,33,1,36742,7772.0,7772.25,7771.25,7771.25,106,NQ.v.0
2019-06-20 06:46:00+00:00,33,1,36742,7771.5,7774.0,7771.5,7771.5,139,NQ.v.0
2019-06-20 06:47:00+00:00,33,1,36742,7771.25,7772.0,7770.5,7771.25,73,NQ.v.0
2019-06-20 06:48:00+00:00,33,1,36742,7771.0,7774.0,7771.0,7774.0,129,NQ.v.0
2019-06-20 06:49:00+00:00,33,1,36742,7774.0,7776.75,7773.5,7775.5,332,NQ.v.0
2019-06-20 06:50:00+00:00,33,1,36742,7775.5,7776.25,7775.25,7776.0,117,NQ.v.0
2019-06-20 06:51:00+00:00,33,1,36742,7776.0,7776.75,7774.75,7775.0,127,NQ.v.0
2019-06-20 06:52:00+00:00,33,1,36742,7775.0,7775.5,7772.25,7773.0,202,NQ.v.0
2019-06-20 06:53:00+00:00,33,1,36742,7773.25,7775.5,7773.25,7775.25,150,NQ.v.0
2019-06-20 06:54:00+00:00,33,1,36742,7775.5,7777.25,7775.25,7776.0,159,NQ.v.0
2019-06-20 06:55:00+00:00,33,1,36742,7775.5,7775.75,7773.5,7773.75,106,NQ.v.0
2019-06-20 06:56:00+00:00,33,1,36742,7773.75,7776.25,7773.5,7775.5,100,NQ.v.0
2019-06-20 06:57:00+00:00,33,1,36742,7775.5,7776.5,7773.25,7773.75,96,NQ.v.0
2019-06-20 06:58:00+00:00,33,1,36742,7773.75,7775.25,7773.75,7774.75,27,NQ.v.0
2019-06-20 06:59:00+00:00,33,1,36742,7775.0,7775.0,7772.0,7772.5,94,NQ.v.0
2019-06-20 07:00:00+00:00,33,1,36742,7773.25,7776.5,7772.75,7774.75,213,NQ.v.0
2019-06-20 07:01:00+00:00,33,1,36742,7775.0,7775.75,7773.5,7774.75,112,NQ.v.0
2019-06-20 07:02:00+00:00,33,1,36742,7774.5,7776.5,7774.0,7774.0,190,NQ.v.0
2019-06-20 07:03:00+00:00,33,1,36742,7773.75,7774.5,7773.0,7773.5,91,NQ.v.0
2019-06-20 07:04:00+00:00,33,1,36742,7773.75,7774.5,7772.5,7773.5,97,NQ.v.0
2019-06-20 07:05:00+00:00,33,1,36742,7773.0,7775.5,7773.0,7774.5,124,NQ.v.0
2019-06-20 07:06:00+00:00,33,1,36742,7775.0,7775.0,7772.0,7772.75,182,NQ.v.0
2019-06-20 07:07:00+00:00,33,1,36742,7772.75,7774.5,7772.75,7773.75,123,NQ.v.0
2019-06-20 07:08:00+00:00,33,1,36742,7773.75,7775.0,7773.25,7774.75,92,NQ.v.0
2019-06-20 07:09:00+00:00,33,1,36742,7774.75,7775.75,7773.75,7774.75,96,NQ.v.0
2019-06-20 07:10:00+00:00,33,1,36742,7775.0,7778.25,7775.0,7777.25,245,NQ.v.0
2019-06-20 07:11:00+00:00,33,1,36742,7777.5,7778.75,7776.0,7776.5,252,NQ.v.0
2019-06-20 07:12:00+00:00,33,1,36742,7777.0,7778.25,7776.0,7778.25,94,NQ.v.0
2019-06-20 07:13:00+00:00,33,1,36742,7778.5,7778.5,7776.25,7777.0,124,NQ.v.0
2019-06-20 07:14:00+00:00,33,1,36742,7776.75,7777.5,7775.5,7776.0,135,NQ.v.0
2019-06-20 07:15:00+00:00,33,1,36742,7775.75,7776.75,7775.0,7776.25,115,NQ.v.0
2019-06-20 07:16:00+00:00,33,1,36742,7776.5,7778.0,7776.0,7777.5,137,NQ.v.0
2019-06-20 07:17:00+00:00,33,1,36742,7777.5,7778.75,7777.25,7778.75,184,NQ.v.0
2019-06-20 07:18:00+00:00,33,1,36742,7778.75,7780.0,7777.5,7777.75,219,NQ.v.0
2019-06-20 07:19:00+00:00,33,1,36742,7777.75,7779.25,7777.5,7778.5,246,NQ.v.0
2019-06-20 07:20:00+00:00,33,1,36742,7778.5,7779.0,7776.75,7777.75,141,NQ.v.0
2019-06-20 07:21:00+00:00,33,1,36742,7777.5,7778.25,7777.25,7777.5,35,NQ.v.0
2019-06-20 07:22:00+00:00,33,1,36742,7777.25,7777.25,7774.75,7775.25,176,NQ.v.0
2019-06-20 07:23:00+00:00,33,1,36742,7775.0,7775.5,7774.25,7775.0,101,NQ.v.0
2019-06-20 07:24:00+00:00,33,1,36742,7775.25,7777.5,7775.25,7776.75,83,NQ.v.0
2019-06-20 07:25:00+00:00,33,1,36742,7777.0,7777.25,7776.0,7776.5,54,NQ.v.0
2019-06-20 07:26:00+00:00,33,1,36742,7776.75,7777.0,7775.75,7777.0,52,NQ.v.0
2019-06-20 07:27:00+00:00,33,1,36742,7777.0,7783.5,7776.75,7783.5,375,NQ.v.0
2019-06-20 07:28:00+00:00,33,1,36742,7783.5,7784.5,7781.25,7782.25,360,NQ.v.0
2019-06-20 07:29:00+00:00,33,1,36742,7782.0,7783.25,7782.0,7782.25,69,NQ.v.0
2019-06-20 07:30:00+00:00,33,1,36742,7782.0,7782.0,7780.25,7780.75,171,NQ.v.0
2019-06-20 07:31:00+00:00,33,1,36742,7780.5,7783.25,7780.5,7781.75,305,NQ.v.0
2019-06-20 07:32:00+00:00,33,1,36742,7782.0,7783.25,7781.5,7782.25,145,NQ.v.0
2019-06-20 07:33:00+00:00,33,1,36742,7782.25,7785.75,7782.25,7784.5,379,NQ.v.0
2019-06-20 07:34:00+00:00,33,1,36742,7784.5,7787.5,7783.25,7783.5,468,NQ.v.0
2019-06-20 07:35:00+00:00,33,1,36742,7783.75,7784.5,7781.75,7783.0,148,NQ.v.0
2019-06-20 07:36:00+00:00,33,1,36742,7783.0,7784.5,7782.5,7784.0,267,NQ.v.0
2019-06-20 07:37:00+00:00,33,1,36742,7784.25,7786.75,7783.5,7783.5,285,NQ.v.0
2019-06-20 07:38:00+00:00,33,1,36742,7783.25,7783.5,7781.75,7782.5,144,NQ.v.0
2019-06-20 07:39:00+00:00,33,1,36742,7782.75,7783.0,7781.0,7781.25,79,NQ.v.0
2019-06-20 07:40:00+00:00,33,1,36742,7781.5,7782.0,7780.75,7781.25,108,NQ.v.0
2019-06-20 07:41:00+00:00,33,1,36742,7781.5,7783.25,7781.0,7782.5,225,NQ.v.0
2019-06-20 07:42:00+00:00,33,1,36742,7782.25,7783.25,7782.0,7782.75,91,NQ.v.0
2019-06-20 07:43:00+00:00,33,1,36742,7782.75,7786.75,7782.25,7786.25,231,NQ.v.0
2019-06-20 07:44:00+00:00,33,1,36742,7786.0,7786.25,7783.0,7783.75,60,NQ.v.0
2019-06-20 07:45:00+00:00,33,1,36742,7783.75,7785.0,7783.5,7784.75,48,NQ.v.0
2019-06-20 07:46:00+00:00,33,1,36742,7785.25,7785.75,7784.25,7784.75,71,NQ.v.0
2019-06-20 07:47:00+00:00,33,1,36742,7784.75,7788.0,7784.5,7784.5,341,NQ.v.0
2019-06-20 07:48:00+00:00,33,1,36742,7784.5,7784.5,7781.5,7781.75,83,NQ.v.0
2019-06-20 07:49:00+00:00,33,1,36742,7782.0,7782.5,7780.75,7782.25,169,NQ.v.0
2019-06-20 07:50:00+00:00,33,1,36742,7782.5,7782.75,7781.25,7781.25,98,NQ.v.0
2019-06-20 07:51:00+00:00,33,1,36742,7781.25,7781.25,7779.25,7779.5,173,NQ.v.0
2019-06-20 07:52:00+00:00,33,1,36742,7779.5,7780.0,7778.25,7779.5,151,NQ.v.0
2019-06-20 07:53:00+00:00,33,1,36742,7779.75,7781.25,7778.75,7780.25,244,NQ.v.0
2019-06-20 07:54:00+00:00,33,1,36742,7780.5,7780.75,7778.5,7779.5,240,NQ.v.0
2019-06-20 07:55:00+00:00,33,1,36742,7779.5,7779.5,7778.5,7779.0,75,NQ.v.0
2019-06-20 07:56:00+00:00,33,1,36742,7779.25,7779.75,7778.5,7779.25,118,NQ.v.0
2019-06-20 07:57:00+00:00,33,1,36742,7779.5,7781.0,7779.25,7780.75,107,NQ.v.0
2019-06-20 07:58:00+00:00,33,1,36742,7780.75,7781.25,7779.0,7779.5,71,NQ.v.0
2019-06-20 07:59:00+00:00,33,1,36742,7779.0,7779.25,7777.0,7778.0,157,NQ.v.0
2019-06-20 08:00:00+00:00,33,1,36742,7777.75,7778.0,7774.25,7775.0,334,NQ.v.0
2019-06-20 08:01:00+00:00,33,1,36742,7774.75,7777.0,7774.75,7776.5,207,NQ.v.0
2019-06-20 08:02:00+00:00,33,1,36742,7776.5,7778.75,7776.5,7778.75,113,NQ.v.0
2019-06-20 08:03:00+00:00,33,1,36742,7778.75,7779.75,7778.75,7779.25,256,NQ.v.0
2019-06-20 08:04:00+00:00,33,1,36742,7779.25,7780.5,7779.0,7780.5,85,NQ.v.0
2019-06-20 08:05:00+00:00,33,1,36742,7780.5,7780.5,7779.5,7779.75,67,NQ.v.0
2019-06-20 08:06:00+00:00,33,1,36742,7780.0,7781.0,7780.0,7780.5,64,NQ.v.0
2019-06-20 08:07:00+00:00,33,1,36742,7780.5,7781.5,7780.25,7781.25,65,NQ.v.0
2019-06-20 08:08:00+00:00,33,1,36742,7781.5,7782.25,7780.75,7781.5,99,NQ.v.0
2019-06-20 08:09:00+00:00,33,1,36742,7781.75,7782.0,7781.0,7781.0,67,NQ.v.0
2019-06-20 08:10:00+00:00,33,1,36742,7781.0,7781.25,7779.75,7780.5,79,NQ.v.0
2019-06-20 08:11:00+00:00,33,1,36742,7779.75,7783.25,7779.75,7782.75,170,NQ.v.0
2019-06-20 08:12:00+00:00,33,1,36742,7782.75,7783.75,7782.5,7782.75,107,NQ.v.0
2019-06-20 08:13:00+00:00,33,1,36742,7783.0,7783.75,7779.75,7779.75,187,NQ.v.0
2019-06-20 08:14:00+00:00,33,1,36742,7779.5,7780.25,7777.5,7777.75,109,NQ.v.0
2019-06-20 08:15:00+00:00,33,1,36742,7777.75,7780.0,7777.25,7779.75,124,NQ.v.0
2019-06-20 08:16:00+00:00,33,1,36742,7779.75,7780.25,7779.0,7779.0,49,NQ.v.0
2019-06-20 08:17:00+00:00,33,1,36742,7779.0,7779.0,7776.25,7776.5,172,NQ.v.0
2019-06-20 08:18:00+00:00,33,1,36742,7776.75,7777.5,7775.25,7777.0,155,NQ.v.0
2019-06-20 08:19:00+00:00,33,1,36742,7777.0,7777.5,7776.5,7777.0,65,NQ.v.0
2019-06-20 08:20:00+00:00,33,1,36742,7776.75,7777.75,7776.25,7777.0,62,NQ.v.0
2019-06-20 08:21:00+00:00,33,1,36742,7777.75,7778.5,7777.75,7778.25,77,NQ.v.0
2019-06-20 08:22:00+00:00,33,1,36742,7778.25,7779.0,7777.75,7779.0,40,NQ.v.0
2019-06-20 08:23:00+00:00,33,1,36742,7778.75,7779.0,7777.75,7778.25,52,NQ.v.0
2019-06-20 08:24:00+00:00,33,1,36742,7778.5,7782.0,7778.5,7779.25,241,NQ.v.0
2019-06-20 08:25:00+00:00,33,1,36742,7779.0,7780.5,7778.75,7780.25,92,NQ.v.0
2019-06-20 08:26:00+00:00,33,1,36742,7780.5,7782.25,7780.0,7781.0,157,NQ.v.0
2019-06-20 08:27:00+00:00,33,1,36742,7780.75,7782.5,7780.25,7782.0,132,NQ.v.0
2019-06-20 08:28:00+00:00,33,1,36742,7782.25,7782.25,7780.25,7782.25,208,NQ.v.0
2019-06-20 08:29:00+00:00,33,1,36742,7782.25,7782.75,7781.75,7782.25,97,NQ.v.0
2019-06-20 08:30:00+00:00,33,1,36742,7782.25,7783.5,7782.0,7783.25,103,NQ.v.0
2019-06-20 08:31:00+00:00,33,1,36742,7783.25,7785.0,7783.0,7784.0,149,NQ.v.0
2019-06-20 08:32:00+00:00,33,1,36742,7784.0,7787.75,7783.75,7787.5,388,NQ.v.0
2019-06-20 08:33:00+00:00,33,1,36742,7787.25,7791.0,7786.0,7790.0,422,NQ.v.0
2019-06-20 08:34:00+00:00,33,1,36742,7790.0,7791.25,7788.25,7791.25,313,NQ.v.0
2019-06-20 08:35:00+00:00,33,1,36742,7791.25,7791.25,7788.75,7790.25,243,NQ.v.0
2019-06-20 08:36:00+00:00,33,1,36742,7790.25,7790.75,7789.25,7790.5,157,NQ.v.0
2019-06-20 08:37:00+00:00,33,1,36742,7790.5,7791.0,7788.0,7788.0,182,NQ.v.0
2019-06-20 08:38:00+00:00,33,1,36742,7788.0,7788.75,7787.5,7788.25,110,NQ.v.0
2019-06-20 08:39:00+00:00,33,1,36742,7788.0,7788.5,7787.5,7787.75,58,NQ.v.0
2019-06-20 08:40:00+00:00,33,1,36742,7788.0,7789.5,7787.5,7787.75,169,NQ.v.0
2019-06-20 08:41:00+00:00,33,1,36742,7787.75,7788.25,7787.5,7788.25,67,NQ.v.0
2019-06-20 08:42:00+00:00,33,1,36742,7788.5,7790.0,7787.75,7789.75,110,NQ.v.0
2019-06-20 08:43:00+00:00,33,1,36742,7790.0,7791.25,7790.0,7790.75,121,NQ.v.0
2019-06-20 08:44:00+00:00,33,1,36742,7790.5,7793.5,7790.5,7792.75,282,NQ.v.0
2019-06-20 08:45:00+00:00,33,1,36742,7792.5,7793.5,7791.75,7792.0,115,NQ.v.0
2019-06-20 08:46:00+00:00,33,1,36742,7792.0,7792.25,7791.5,7792.0,66,NQ.v.0
2019-06-20 08:47:00+00:00,33,1,36742,7791.5,7793.5,7791.0,7792.5,194,NQ.v.0
2019-06-20 08:48:00+00:00,33,1,36742,7792.5,7792.5,7791.5,7791.75,103,NQ.v.0
2019-06-20 08:49:00+00:00,33,1,36742,7791.75,7793.0,7790.5,7792.5,136,NQ.v.0
2019-06-20 08:50:00+00:00,33,1,36742,7792.5,7793.0,7791.0,7792.0,137,NQ.v.0
2019-06-20 08:51:00+00:00,33,1,36742,7792.0,7792.5,7791.5,7791.75,113,NQ.v.0
2019-06-20 08:52:00+00:00,33,1,36742,7791.75,7792.0,7790.0,7791.0,147,NQ.v.0
2019-06-20 08:53:00+00:00,33,1,36742,7790.75,7791.0,7790.25,7790.75,42,NQ.v.0
2019-06-20 08:54:00+00:00,33,1,36742,7790.5,7790.75,7788.75,7789.75,155,NQ.v.0
2019-06-20 08:55:00+00:00,33,1,36742,7790.0,7791.0,7789.75,7790.5,157,NQ.v.0
2019-06-20 08:56:00+00:00,33,1,36742,7790.75,7792.75,7790.75,7792.0,128,NQ.v.0
2019-06-20 08:57:00+00:00,33,1,36742,7792.0,7793.0,7791.0,7791.0,121,NQ.v.0
2019-06-20 08:58:00+00:00,33,1,36742,7791.0,7791.5,7790.5,7791.25,43,NQ.v.0
2019-06-20 08:59:00+00:00,33,1,36742,7791.5,7792.75,7790.75,7791.0,113,NQ.v.0
2019-06-20 09:00:00+00:00,33,1,36742,7790.75,7792.5,7789.75,7792.5,133,NQ.v.0
2019-06-20 09:01:00+00:00,33,1,36742,7792.25,7794.5,7792.25,7794.5,157,NQ.v.0
2019-06-20 09:02:00+00:00,33,1,36742,7794.5,7797.0,7792.0,7792.0,421,NQ.v.0
2019-06-20 09:03:00+00:00,33,1,36742,7792.5,7792.5,7791.25,7791.5,65,NQ.v.0
2019-06-20 09:04:00+00:00,33,1,36742,7791.75,7792.25,7790.75,7792.0,47,NQ.v.0
2019-06-20 09:05:00+00:00,33,1,36742,7792.25,7793.5,7792.0,7793.0,51,NQ.v.0
2019-06-20 09:06:00+00:00,33,1,36742,7793.0,7794.0,7793.0,7793.25,45,NQ.v.0
2019-06-20 09:07:00+00:00,33,1,36742,7793.25,7794.0,7793.25,7793.75,17,NQ.v.0
2019-06-20 09:08:00+00:00,33,1,36742,7794.0,7795.0,7793.75,7794.5,62,NQ.v.0
2019-06-20 09:09:00+00:00,33,1,36742,7794.5,7795.0,7794.25,7794.5,34,NQ.v.0
2019-06-20 09:10:00+00:00,33,1,36742,7794.5,7794.75,7792.75,7794.25,73,NQ.v.0
2019-06-20 09:11:00+00:00,33,1,36742,7794.5,7795.25,7794.25,7794.75,191,NQ.v.0
2019-06-20 09:12:00+00:00,33,1,36742,7794.5,7796.75,7794.5,7796.5,196,NQ.v.0
2019-06-20 09:13:00+00:00,33,1,36742,7796.5,7798.0,7796.25,7797.75,278,NQ.v.0
2019-06-20 09:14:00+00:00,33,1,36742,7797.5,7798.0,7796.5,7796.75,89,NQ.v.0
2019-06-20 09:15:00+00:00,33,1,36742,7796.75,7797.5,7796.0,7797.25,110,NQ.v.0
2019-06-20 09:16:00+00:00,33,1,36742,7797.0,7797.5,7795.75,7797.0,143,NQ.v.0
2019-06-20 09:17:00+00:00,33,1,36742,7797.25,7798.5,7797.0,7797.0,157,NQ.v.0
2019-06-20 09:18:00+00:00,33,1,36742,7796.75,7798.0,7796.75,7798.0,56,NQ.v.0
2019-06-20 09:19:00+00:00,33,1,36742,7798.0,7798.5,7797.75,7798.25,64,NQ.v.0
2019-06-20 09:20:00+00:00,33,1,36742,7798.5,7798.5,7796.5,7797.25,160,NQ.v.0
2019-06-20 09:21:00+00:00,33,1,36742,7797.25,7797.75,7797.0,7797.5,99,NQ.v.0
2019-06-20 09:22:00+00:00,33,1,36742,7797.5,7798.0,7797.0,7797.0,53,NQ.v.0
2019-06-20 09:23:00+00:00,33,1,36742,7796.75,7797.25,7794.75,7795.25,351,NQ.v.0
2019-06-20 09:24:00+00:00,33,1,36742,7795.0,7795.75,7794.5,7794.75,86,NQ.v.0
2019-06-20 09:25:00+00:00,33,1,36742,7795.0,7796.5,7795.0,7795.5,105,NQ.v.0
2019-06-20 09:26:00+00:00,33,1,36742,7795.5,7797.0,7795.5,7796.5,40,NQ.v.0
2019-06-20 09:27:00+00:00,33,1,36742,7796.75,7798.0,7796.5,7797.25,95,NQ.v.0
2019-06-20 09:28:00+00:00,33,1,36742,7797.0,7799.0,7796.75,7798.25,162,NQ.v.0
2019-06-20 09:29:00+00:00,33,1,36742,7798.5,7799.0,7797.25,7797.25,163,NQ.v.0
2019-06-20 09:30:00+00:00,33,1,36742,7797.25,7798.75,7796.0,7798.0,188,NQ.v.0
2019-06-20 09:31:00+00:00,33,1,36742,7798.0,7799.75,7797.0,7799.5,275,NQ.v.0
2019-06-20 09:32:00+00:00,33,1,36742,7799.0,7800.75,7798.75,7799.75,197,NQ.v.0
2019-06-20 09:33:00+00:00,33,1,36742,7800.0,7802.25,7799.75,7801.25,207,NQ.v.0
2019-06-20 09:34:00+00:00,33,1,36742,7801.25,7801.25,7799.75,7800.25,90,NQ.v.0
2019-06-20 09:35:00+00:00,33,1,36742,7800.5,7800.5,7798.0,7798.5,175,NQ.v.0
2019-06-20 09:36:00+00:00,33,1,36742,7798.75,7798.75,7796.25,7796.75,172,NQ.v.0
2019-06-20 09:37:00+00:00,33,1,36742,7797.0,7798.25,7795.0,7796.0,159,NQ.v.0
2019-06-20 09:38:00+00:00,33,1,36742,7796.25,7797.0,7796.0,7796.25,118,NQ.v.0
2019-06-20 09:39:00+00:00,33,1,36742,7796.25,7797.25,7796.0,7796.25,57,NQ.v.0
2019-06-20 09:40:00+00:00,33,1,36742,7796.0,7796.25,7795.0,7795.0,62,NQ.v.0
2019-06-20 09:41:00+00:00,33,1,36742,7794.75,7796.25,7794.25,7796.0,83,NQ.v.0
2019-06-20 09:42:00+00:00,33,1,36742,7796.0,7796.0,7795.25,7795.75,64,NQ.v.0
2019-06-20 09:43:00+00:00,33,1,36742,7795.75,7796.25,7794.75,7795.25,50,NQ.v.0
2019-06-20 09:44:00+00:00,33,1,36742,7795.5,7797.0,7795.5,7796.75,58,NQ.v.0
2019-06-20 09:45:00+00:00,33,1,36742,7797.25,7797.5,7795.0,7795.75,48,NQ.v.0
2019-06-20 09:46:00+00:00,33,1,36742,7795.75,7797.5,7795.5,7797.25,27,NQ.v.0
2019-06-20 09:47:00+00:00,33,1,36742,7797.5,7797.75,7796.75,7797.25,40,NQ.v.0
2019-06-20 09:48:00+00:00,33,1,36742,7797.0,7798.0,7796.5,7796.75,39,NQ.v.0
2019-06-20 09:49:00+00:00,33,1,36742,7797.25,7797.5,7795.25,7795.5,30,NQ.v.0
2019-06-20 09:50:00+00:00,33,1,36742,7795.5,7796.0,7794.75,7796.0,41,NQ.v.0
2019-06-20 09:51:00+00:00,33,1,36742,7795.75,7796.25,7794.5,7794.75,54,NQ.v.0
2019-06-20 09:52:00+00:00,33,1,36742,7794.75,7795.5,7794.25,7795.25,55,NQ.v.0
2019-06-20 09:53:00+00:00,33,1,36742,7795.5,7796.0,7795.0,7796.0,38,NQ.v.0
2019-06-20 09:54:00+00:00,33,1,36742,7796.0,7796.5,7795.75,7796.25,24,NQ.v.0
2019-06-20 09:55:00+00:00,33,1,36742,7796.5,7797.5,7795.5,7797.25,80,NQ.v.0
2019-06-20 09:56:00+00:00,33,1,36742,7797.25,7797.25,7796.75,7796.75,11,NQ.v.0
2019-06-20 09:57:00+00:00,33,1,36742,7797.0,7797.75,7795.0,7795.5,108,NQ.v.0
2019-06-20 09:58:00+00:00,33,1,36742,7795.75,7796.0,7795.0,7796.0,29,NQ.v.0
2019-06-20 09:59:00+00:00,33,1,36742,7795.0,7796.0,7795.0,7795.5,24,NQ.v.0
2019-06-20 10:00:00+00:00,33,1,36742,7795.5,7796.5,7794.25,7794.75,101,NQ.v.0
2019-06-20 10:01:00+00:00,33,1,36742,7794.25,7795.0,7794.0,7794.0,43,NQ.v.0
2019-06-20 10:02:00+00:00,33,1,36742,7794.25,7795.0,7793.5,7794.75,49,NQ.v.0
2019-06-20 10:03:00+00:00,33,1,36742,7794.5,7795.0,7794.25,7794.25,119,NQ.v.0
2019-06-20 10:04:00+00:00,33,1,36742,7794.75,7795.5,7794.75,7795.5,34,NQ.v.0
2019-06-20 10:05:00+00:00,33,1,36742,7795.5,7795.5,7794.5,7795.25,98,NQ.v.0
2019-06-20 10:06:00+00:00,33,1,36742,7795.0,7795.75,7794.0,7794.25,113,NQ.v.0
2019-06-20 10:07:00+00:00,33,1,36742,7794.75,7795.0,7794.0,7795.0,30,NQ.v.0
2019-06-20 10:08:00+00:00,33,1,36742,7794.75,7795.25,7794.5,7795.0,45,NQ.v.0
2019-06-20 10:09:00+00:00,33,1,36742,7794.75,7796.25,7794.75,7795.75,74,NQ.v.0
2019-06-20 10:10:00+00:00,33,1,36742,7795.5,7796.0,7795.0,7795.75,31,NQ.v.0
2019-06-20 10:11:00+00:00,33,1,36742,7796.0,7796.25,7795.5,7796.0,30,NQ.v.0
2019-06-20 10:12:00+00:00,33,1,36742,7795.75,7796.25,7795.25,7796.25,45,NQ.v.0
2019-06-20 10:13:00+00:00,33,1,36742,7795.75,7796.75,7795.5,7796.75,103,NQ.v.0
2019-06-20 10:14:00+00:00,33,1,36742,7797.0,7797.25,7796.25,7796.5,49,NQ.v.0
2019-06-20 10:15:00+00:00,33,1,36742,7796.5,7797.5,7796.5,7796.75,90,NQ.v.0
2019-06-20 10:16:00+00:00,33,1,36742,7797.0,7798.0,7797.0,7797.25,45,NQ.v.0
2019-06-20 10:17:00+00:00,33,1,36742,7797.75,7797.75,7796.75,7797.0,95,NQ.v.0
2019-06-20 10:18:00+00:00,33,1,36742,7797.0,7797.25,7796.75,7797.25,19,NQ.v.0
2019-06-20 10:19:00+00:00,33,1,36742,7797.0,7797.0,7796.75,7796.75,34,NQ.v.0
2019-06-20 10:20:00+00:00,33,1,36742,7796.5,7796.75,7796.25,7796.5,62,NQ.v.0
2019-06-20 10:21:00+00:00,33,1,36742,7796.25,7797.5,7796.25,7797.5,133,NQ.v.0
2019-06-20 10:22:00+00:00,33,1,36742,7797.5,7799.5,7797.5,7799.25,105,NQ.v.0
2019-06-20 10:23:00+00:00,33,1,36742,7799.5,7800.75,7799.25,7800.5,97,NQ.v.0
2019-06-20 10:24:00+00:00,33,1,36742,7800.5,7801.25,7800.25,7800.75,91,NQ.v.0
2019-06-20 10:25:00+00:00,33,1,36742,7800.75,7802.25,7800.75,7801.5,155,NQ.v.0
2019-06-20 10:26:00+00:00,33,1,36742,7801.25,7802.0,7800.25,7800.25,90,NQ.v.0
2019-06-20 10:27:00+00:00,33,1,36742,7800.0,7800.5,7797.75,7797.75,219,NQ.v.0
2019-06-20 10:28:00+00:00,33,1,36742,7797.5,7798.75,7797.0,7797.5,81,NQ.v.0
2019-06-20 10:29:00+00:00,33,1,36742,7797.5,7797.5,7796.0,7796.75,67,NQ.v.0
2019-06-20 10:30:00+00:00,33,1,36742,7796.25,7796.25,7795.25,7795.25,68,NQ.v.0
2019-06-20 10:31:00+00:00,33,1,36742,7795.25,7795.25,7793.5,7793.75,140,NQ.v.0
2019-06-20 10:32:00+00:00,33,1,36742,7793.75,7794.25,7793.5,7794.0,76,NQ.v.0
2019-06-20 10:33:00+00:00,33,1,36742,7793.5,7794.0,7793.0,7793.25,90,NQ.v.0
2019-06-20 10:34:00+00:00,33,1,36742,7793.25,7793.5,7793.0,7793.25,21,NQ.v.0
2019-06-20 10:35:00+00:00,33,1,36742,7793.25,7795.25,7793.25,7793.75,120,NQ.v.0
2019-06-20 10:36:00+00:00,33,1,36742,7793.75,7794.75,7793.75,7794.5,46,NQ.v.0
2019-06-20 10:37:00+00:00,33,1,36742,7794.75,7795.5,7794.5,7795.25,61,NQ.v.0
2019-06-20 10:38:00+00:00,33,1,36742,7795.25,7795.5,7794.5,7795.0,34,NQ.v.0
2019-06-20 10:39:00+00:00,33,1,36742,7794.5,7794.75,7793.0,7793.25,55,NQ.v.0
2019-06-20 10:40:00+00:00,33,1,36742,7793.0,7793.0,7791.75,7792.0,189,NQ.v.0
2019-06-20 10:41:00+00:00,33,1,36742,7792.25,7793.25,7791.25,7793.25,131,NQ.v.0
2019-06-20 10:42:00+00:00,33,1,36742,7793.25,7793.25,7792.0,7792.5,51,NQ.v.0
2019-06-20 10:43:00+00:00,33,1,36742,7792.5,7794.0,7792.5,7793.75,68,NQ.v.0
2019-06-20 10:44:00+00:00,33,1,36742,7794.0,7795.0,7794.0,7794.75,61,NQ.v.0
2019-06-20 10:45:00+00:00,33,1,36742,7794.5,7794.75,7791.75,7792.5,240,NQ.v.0
2019-06-20 10:46:00+00:00,33,1,36742,7792.5,7792.75,7792.25,7792.25,57,NQ.v.0
2019-06-20 10:47:00+00:00,33,1,36742,7792.25,7793.0,7792.25,7792.5,42,NQ.v.0
2019-06-20 10:48:00+00:00,33,1,36742,7792.5,7793.75,7792.25,7792.75,67,NQ.v.0
2019-06-20 10:49:00+00:00,33,1,36742,7792.75,7793.0,7791.25,7792.0,138,NQ.v.0
2019-06-20 10:50:00+00:00,33,1,36742,7792.0,7792.75,7791.25,7792.75,80,NQ.v.0
2019-06-20 10:51:00+00:00,33,1,36742,7792.25,7793.0,7792.0,7792.5,80,NQ.v.0
2019-06-20 10:52:00+00:00,33,1,36742,7792.5,7793.0,7792.25,7792.5,74,NQ.v.0
2019-06-20 10:53:00+00:00,33,1,36742,7792.5,7792.75,7791.5,7792.0,250,NQ.v.0
2019-06-20 10:54:00+00:00,33,1,36742,7792.0,7792.5,7792.0,7792.5,57,NQ.v.0
2019-06-20 10:55:00+00:00,33,1,36742,7792.75,7792.75,7792.0,7792.5,75,NQ.v.0
2019-06-20 10:56:00+00:00,33,1,36742,7792.5,7796.25,7792.5,7794.5,179,NQ.v.0
2019-06-20 10:57:00+00:00,33,1,36742,7794.5,7795.0,7793.75,7794.5,96,NQ.v.0
2019-06-20 10:58:00+00:00,33,1,36742,7794.5,7794.5,7792.75,7793.5,60,NQ.v.0
2019-06-20 10:59:00+00:00,33,1,36742,7793.75,7794.25,7791.75,7792.5,127,NQ.v.0
2019-06-20 11:00:00+00:00,33,1,36742,7792.5,7792.5,7791.0,7791.5,189,NQ.v.0
2019-06-20 11:01:00+00:00,33,1,36742,7791.75,7793.5,7791.75,7793.25,109,NQ.v.0
2019-06-20 11:02:00+00:00,33,1,36742,7793.25,7795.25,7793.0,7794.25,141,NQ.v.0
2019-06-20 11:03:00+00:00,33,1,36742,7794.25,7794.5,7793.5,7794.0,68,NQ.v.0
2019-06-20 11:04:00+00:00,33,1,36742,7794.5,7796.25,7794.0,7795.75,127,NQ.v.0
2019-06-20 11:05:00+00:00,33,1,36742,7795.75,7797.25,7795.75,7796.75,63,NQ.v.0
2019-06-20 11:06:00+00:00,33,1,36742,7797.0,7798.0,7796.25,7797.5,92,NQ.v.0
2019-06-20 11:07:00+00:00,33,1,36742,7797.5,7797.5,7796.0,7796.75,58,NQ.v.0
2019-06-20 11:08:00+00:00,33,1,36742,7796.75,7798.25,7796.75,7797.0,93,NQ.v.0
2019-06-20 11:09:00+00:00,33,1,36742,7797.0,7797.0,7793.5,7795.25,206,NQ.v.0
2019-06-20 11:10:00+00:00,33,1,36742,7795.5,7796.0,7794.25,7795.0,99,NQ.v.0
2019-06-20 11:11:00+00:00,33,1,36742,7795.0,7795.75,7795.0,7795.5,25,NQ.v.0
2019-06-20 11:12:00+00:00,33,1,36742,7795.75,7797.25,7795.75,7796.75,46,NQ.v.0
2019-06-20 11:13:00+00:00,33,1,36742,7796.75,7796.75,7794.5,7794.75,143,NQ.v.0
2019-06-20 11:14:00+00:00,33,1,36742,7794.75,7795.0,7794.0,7794.75,45,NQ.v.0
2019-06-20 11:15:00+00:00,33,1,36742,7794.5,7794.5,7792.5,7793.0,194,NQ.v.0
2019-06-20 11:16:00+00:00,33,1,36742,7793.25,7795.75,7793.25,7795.5,41,NQ.v.0
2019-06-20 11:17:00+00:00,33,1,36742,7795.75,7797.0,7795.25,7796.0,77,NQ.v.0
2019-06-20 11:18:00+00:00,33,1,36742,7796.25,7796.5,7795.75,7796.25,27,NQ.v.0
2019-06-20 11:19:00+00:00,33,1,36742,7796.25,7796.25,7794.75,7795.0,35,NQ.v.0
2019-06-20 11:20:00+00:00,33,1,36742,7795.25,7796.0,7794.25,7794.5,74,NQ.v.0
2019-06-20 11:21:00+00:00,33,1,36742,7794.5,7794.75,7793.5,7794.0,50,NQ.v.0
2019-06-20 11:22:00+00:00,33,1,36742,7794.5,7795.25,7793.5,7795.25,42,NQ.v.0
2019-06-20 11:23:00+00:00,33,1,36742,7795.25,7796.75,7794.75,7796.5,55,NQ.v.0
2019-06-20 11:24:00+00:00,33,1,36742,7796.75,7799.0,7796.75,7798.25,246,NQ.v.0
2019-06-20 11:25:00+00:00,33,1,36742,7798.25,7799.0,7797.5,7798.0,186,NQ.v.0
2019-06-20 11:26:00+00:00,33,1,36742,7798.0,7798.75,7797.25,7797.5,69,NQ.v.0
2019-06-20 11:27:00+00:00,33,1,36742,7797.5,7797.5,7796.25,7796.75,44,NQ.v.0
2019-06-20 11:28:00+00:00,33,1,36742,7796.5,7797.25,7795.75,7795.75,87,NQ.v.0
2019-06-20 11:29:00+00:00,33,1,36742,7795.75,7796.75,7795.25,7796.0,34,NQ.v.0
2019-06-20 11:30:00+00:00,33,1,36742,7796.0,7798.25,7795.5,7797.0,72,NQ.v.0
2019-06-20 11:31:00+00:00,33,1,36742,7797.25,7798.75,7797.25,7798.5,49,NQ.v.0
2019-06-20 11:32:00+00:00,33,1,36742,7798.0,7798.75,7798.0,7798.5,31,NQ.v.0
2019-06-20 11:33:00+00:00,33,1,36742,7798.75,7799.0,7797.0,7797.75,77,NQ.v.0
2019-06-20 11:34:00+00:00,33,1,36742,7798.0,7798.5,7798.0,7798.0,23,NQ.v.0
2019-06-20 11:35:00+00:00,33,1,36742,7798.0,7798.75,7797.25,7797.75,99,NQ.v.0
2019-06-20 11:36:00+00:00,33,1,36742,7797.75,7798.75,7797.75,7798.5,37,NQ.v.0
2019-06-20 11:37:00+00:00,33,1,36742,7799.0,7799.0,7798.0,7798.25,42,NQ.v.0
2019-06-20 11:38:00+00:00,33,1,36742,7798.0,7799.75,7797.75,7799.25,78,NQ.v.0
2019-06-20 11:39:00+00:00,33,1,36742,7799.25,7802.25,7798.5,7801.5,410,NQ.v.0
2019-06-20 11:40:00+00:00,33,1,36742,7801.5,7802.0,7801.0,7801.75,129,NQ.v.0
2019-06-20 11:41:00+00:00,33,1,36742,7801.75,7807.5,7801.5,7803.25,812,NQ.v.0
2019-06-20 11:42:00+00:00,33,1,36742,7803.0,7803.75,7802.5,7803.75,133,NQ.v.0
2019-06-20 11:43:00+00:00,33,1,36742,7803.75,7805.0,7803.75,7804.75,84,NQ.v.0
2019-06-20 11:44:00+00:00,33,1,36742,7804.75,7805.25,7804.25,7804.75,134,NQ.v.0
2019-06-20 11:45:00+00:00,33,1,36742,7805.0,7805.75,7804.25,7804.5,224,NQ.v.0
2019-06-20 11:46:00+00:00,33,1,36742,7805.0,7805.75,7803.75,7805.0,138,NQ.v.0
2019-06-20 11:47:00+00:00,33,1,36742,7805.0,7805.75,7802.75,7802.75,121,NQ.v.0
2019-06-20 11:48:00+00:00,33,1,36742,7802.75,7803.75,7802.5,7802.5,123,NQ.v.0
2019-06-20 11:49:00+00:00,33,1,36742,7802.5,7803.25,7801.75,7802.0,152,NQ.v.0
2019-06-20 11:50:00+00:00,33,1,36742,7802.25,7802.25,7800.0,7800.25,152,NQ.v.0
2019-06-20 11:51:00+00:00,33,1,36742,7800.0,7800.5,7799.25,7800.25,151,NQ.v.0
2019-06-20 11:52:00+00:00,33,1,36742,7800.0,7801.0,7799.5,7800.0,127,NQ.v.0
2019-06-20 11:53:00+00:00,33,1,36742,7800.25,7800.5,7799.5,7800.25,102,NQ.v.0
2019-06-20 11:54:00+00:00,33,1,36742,7799.5,7800.5,7799.5,7799.75,69,NQ.v.0
2019-06-20 11:55:00+00:00,33,1,36742,7799.5,7800.0,7798.75,7799.0,152,NQ.v.0
2019-06-20 11:56:00+00:00,33,1,36742,7798.75,7798.75,7797.0,7798.75,194,NQ.v.0
2019-06-20 11:57:00+00:00,33,1,36742,7798.5,7798.5,7797.5,7797.5,61,NQ.v.0
2019-06-20 11:58:00+00:00,33,1,36742,7797.5,7798.5,7797.0,7798.0,79,NQ.v.0
2019-06-20 11:59:00+00:00,33,1,36742,7798.25,7799.0,7798.0,7798.25,58,NQ.v.0
2019-06-20 12:00:00+00:00,33,1,36742,7798.0,7800.75,7797.75,7799.25,233,NQ.v.0
2019-06-20 12:01:00+00:00,33,1,36742,7799.5,7802.5,7799.5,7800.5,275,NQ.v.0
2019-06-20 12:02:00+00:00,33,1,36742,7800.75,7804.25,7800.75,7803.5,347,NQ.v.0
2019-06-20 12:03:00+00:00,33,1,36742,7803.75,7805.0,7803.25,7805.0,187,NQ.v.0
2019-06-20 12:04:00+00:00,33,1,36742,7805.0,7805.5,7804.0,7805.0,120,NQ.v.0
2019-06-20 12:05:00+00:00,33,1,36742,7804.75,7806.25,7804.25,7804.25,228,NQ.v.0
2019-06-20 12:06:00+00:00,33,1,36742,7804.5,7805.0,7801.0,7801.0,196,NQ.v.0
2019-06-20 12:07:00+00:00,33,1,36742,7801.25,7801.5,7800.0,7801.5,185,NQ.v.0
2019-06-20 12:08:00+00:00,33,1,36742,7801.75,7803.25,7800.0,7800.0,134,NQ.v.0
2019-06-20 12:09:00+00:00,33,1,36742,7800.25,7801.0,7800.0,7800.5,82,NQ.v.0
2019-06-20 12:10:00+00:00,33,1,36742,7800.25,7804.5,7800.0,7802.5,267,NQ.v.0
2019-06-20 12:11:00+00:00,33,1,36742,7802.25,7802.25,7799.75,7800.0,92,NQ.v.0
2019-06-20 12:12:00+00:00,33,1,36742,7799.75,7801.25,7799.75,7801.25,61,NQ.v.0
2019-06-20 12:13:00+00:00,33,1,36742,7801.0,7802.75,7801.0,7802.0,127,NQ.v.0
2019-06-20 12:14:00+00:00,33,1,36742,7802.0,7803.5,7800.0,7802.0,228,NQ.v.0
2019-06-20 12:15:00+00:00,33,1,36742,7802.0,7803.25,7802.0,7802.75,86,NQ.v.0
2019-06-20 12:16:00+00:00,33,1,36742,7802.75,7803.25,7801.75,7802.25,114,NQ.v.0
2019-06-20 12:17:00+00:00,33,1,36742,7802.0,7802.75,7801.5,7802.5,87,NQ.v.0
2019-06-20 12:18:00+00:00,33,1,36742,7802.25,7802.75,7801.5,7802.25,59,NQ.v.0
2019-06-20 12:19:00+00:00,33,1,36742,7802.25,7802.75,7801.75,7802.5,65,NQ.v.0
2019-06-20 12:20:00+00:00,33,1,36742,7802.5,7805.0,7802.0,7802.5,294,NQ.v.0
2019-06-20 12:21:00+00:00,33,1,36742,7802.25,7803.25,7802.25,7802.5,104,NQ.v.0
2019-06-20 12:22:00+00:00,33,1,36742,7802.5,7803.75,7802.25,7803.0,123,NQ.v.0
2019-06-20 12:23:00+00:00,33,1,36742,7803.0,7807.5,7803.0,7805.5,293,NQ.v.0
2019-06-20 12:24:00+00:00,33,1,36742,7805.25,7807.75,7805.0,7807.25,235,NQ.v.0
2019-06-20 12:25:00+00:00,33,1,36742,7806.75,7808.0,7805.75,7805.75,221,NQ.v.0
2019-06-20 12:26:00+00:00,33,1,36742,7805.75,7806.75,7805.0,7805.5,101,NQ.v.0
2019-06-20 12:27:00+00:00,33,1,36742,7805.75,7806.5,7805.0,7806.0,91,NQ.v.0
2019-06-20 12:28:00+00:00,33,1,36742,7806.25,7807.5,7805.75,7805.75,102,NQ.v.0
2019-06-20 12:29:00+00:00,33,1,36742,7806.0,7807.25,7804.75,7807.25,172,NQ.v.0
2019-06-20 12:30:00+00:00,33,1,36742,7807.25,7808.75,7806.5,7808.0,280,NQ.v.0
2019-06-20 12:31:00+00:00,33,1,36742,7807.75,7811.5,7807.75,7811.0,788,NQ.v.0
2019-06-20 12:32:00+00:00,33,1,36742,7811.0,7812.25,7809.25,7812.25,422,NQ.v.0
2019-06-20 12:33:00+00:00,33,1,36742,7812.0,7816.75,7811.5,7815.25,1213,NQ.v.0
2019-06-20 12:34:00+00:00,33,1,36742,7815.0,7820.0,7813.75,7820.0,916,NQ.v.0
2019-06-20 12:35:00+00:00,33,1,36742,7819.75,7821.0,7815.25,7815.5,833,NQ.v.0
2019-06-20 12:36:00+00:00,33,1,36742,7815.5,7818.25,7815.25,7816.0,293,NQ.v.0
2019-06-20 12:37:00+00:00,33,1,36742,7816.25,7816.5,7814.25,7815.75,238,NQ.v.0
2019-06-20 12:38:00+00:00,33,1,36742,7815.5,7815.5,7813.0,7813.0,434,NQ.v.0
2019-06-20 12:39:00+00:00,33,1,36742,7813.25,7814.25,7813.0,7813.75,214,NQ.v.0
2019-06-20 12:40:00+00:00,33,1,36742,7814.0,7815.25,7812.75,7814.0,163,NQ.v.0
2019-06-20 12:41:00+00:00,33,1,36742,7814.0,7814.0,7811.0,7812.0,350,NQ.v.0
2019-06-20 12:42:00+00:00,33,1,36742,7812.25,7813.75,7812.25,7813.25,178,NQ.v.0
2019-06-20 12:43:00+00:00,33,1,36742,7813.25,7813.25,7811.75,7812.0,100,NQ.v.0
2019-06-20 12:44:00+00:00,33,1,36742,7811.75,7812.0,7811.0,7811.5,166,NQ.v.0
2019-06-20 12:45:00+00:00,33,1,36742,7811.5,7812.0,7811.25,7811.5,126,NQ.v.0
2019-06-20 12:46:00+00:00,33,1,36742,7811.75,7813.25,7811.0,7813.0,178,NQ.v.0
2019-06-20 12:47:00+00:00,33,1,36742,7812.75,7812.75,7810.5,7810.75,176,NQ.v.0
2019-06-20 12:48:00+00:00,33,1,36742,7811.0,7811.25,7809.75,7810.0,129,NQ.v.0
2019-06-20 12:49:00+00:00,33,1,36742,7810.0,7811.5,7809.75,7811.25,152,NQ.v.0
2019-06-20 12:50:00+00:00,33,1,36742,7811.0,7811.5,7809.5,7810.25,113,NQ.v.0
2019-06-20 12:51:00+00:00,33,1,36742,7809.75,7810.5,7809.5,7810.0,89,NQ.v.0
2019-06-20 12:52:00+00:00,33,1,36742,7810.0,7810.25,7808.75,7809.75,153,NQ.v.0
2019-06-20 12:53:00+00:00,33,1,36742,7809.5,7811.25,7809.25,7811.0,144,NQ.v.0
2019-06-20 12:54:00+00:00,33,1,36742,7811.0,7811.0,7810.0,7810.5,111,NQ.v.0
2019-06-20 12:55:00+00:00,33,1,36742,7810.0,7811.25,7809.5,7811.0,102,NQ.v.0
2019-06-20 12:56:00+00:00,33,1,36742,7810.5,7813.75,7810.5,7813.75,208,NQ.v.0
2019-06-20 12:57:00+00:00,33,1,36742,7813.25,7814.25,7810.5,7811.25,206,NQ.v.0
2019-06-20 12:58:00+00:00,33,1,36742,7811.0,7811.5,7810.25,7811.25,87,NQ.v.0
2019-06-20 12:59:00+00:00,33,1,36742,7811.0,7811.75,7810.5,7810.75,168,NQ.v.0
2019-06-20 13:00:00+00:00,33,1,36742,7811.0,7812.25,7810.5,7812.0,166,NQ.v.0
2019-06-20 13:01:00+00:00,33,1,36742,7812.25,7815.0,7812.25,7814.0,273,NQ.v.0
2019-06-20 13:02:00+00:00,33,1,36742,7813.75,7815.25,7813.75,7814.75,145,NQ.v.0
2019-06-20 13:03:00+00:00,33,1,36742,7815.0,7815.75,7813.5,7813.75,239,NQ.v.0
2019-06-20 13:04:00+00:00,33,1,36742,7813.5,7817.0,7813.5,7816.75,415,NQ.v.0
2019-06-20 13:05:00+00:00,33,1,36742,7817.0,7817.5,7816.25,7817.5,423,NQ.v.0
2019-06-20 13:06:00+00:00,33,1,36742,7817.5,7818.0,7816.0,7816.0,207,NQ.v.0
2019-06-20 13:07:00+00:00,33,1,36742,7815.75,7816.25,7814.75,7815.25,199,NQ.v.0
2019-06-20 13:08:00+00:00,33,1,36742,7815.5,7815.75,7814.25,7814.75,361,NQ.v.0
2019-06-20 13:09:00+00:00,33,1,36742,7814.5,7815.25,7814.0,7815.0,107,NQ.v.0
2019-06-20 13:10:00+00:00,33,1,36742,7814.75,7815.25,7813.25,7813.5,267,NQ.v.0
2019-06-20 13:11:00+00:00,33,1,36742,7813.5,7814.0,7812.25,7813.25,271,NQ.v.0
2019-06-20 13:12:00+00:00,33,1,36742,7813.5,7815.5,7813.5,7814.25,186,NQ.v.0
2019-06-20 13:13:00+00:00,33,1,36742,7814.0,7816.25,7813.75,7815.75,124,NQ.v.0
2019-06-20 13:14:00+00:00,33,1,36742,7815.5,7815.75,7814.0,7815.0,91,NQ.v.0
2019-06-20 13:15:00+00:00,33,1,36742,7815.0,7815.5,7813.5,7813.75,85,NQ.v.0
2019-06-20 13:16:00+00:00,33,1,36742,7813.75,7816.25,7813.75,7815.25,125,NQ.v.0
2019-06-20 13:17:00+00:00,33,1,36742,7815.75,7817.0,7815.5,7816.75,130,NQ.v.0
2019-06-20 13:18:00+00:00,33,1,36742,7816.5,7817.0,7814.5,7814.5,459,NQ.v.0
2019-06-20 13:19:00+00:00,33,1,36742,7814.75,7814.75,7813.0,7813.0,126,NQ.v.0
2019-06-20 13:20:00+00:00,33,1,36742,7813.25,7813.5,7809.0,7809.5,498,NQ.v.0
2019-06-20 13:21:00+00:00,33,1,36742,7809.0,7809.25,7807.25,7808.5,360,NQ.v.0
2019-06-20 13:22:00+00:00,33,1,36742,7808.25,7809.75,7807.75,7809.25,250,NQ.v.0
2019-06-20 13:23:00+00:00,33,1,36742,7809.0,7809.5,7808.25,7809.5,140,NQ.v.0
2019-06-20 13:24:00+00:00,33,1,36742,7809.75,7810.0,7807.25,7808.0,280,NQ.v.0
2019-06-20 13:25:00+00:00,33,1,36742,7807.75,7808.5,7807.0,7808.0,190,NQ.v.0
2019-06-20 13:26:00+00:00,33,1,36742,7808.25,7809.0,7805.25,7805.75,312,NQ.v.0
2019-06-20 13:27:00+00:00,33,1,36742,7805.75,7806.75,7804.5,7805.25,291,NQ.v.0
2019-06-20 13:28:00+00:00,33,1,36742,7805.25,7805.5,7800.0,7800.25,815,NQ.v.0
2019-06-20 13:29:00+00:00,33,1,36742,7800.5,7801.75,7800.25,7801.25,753,NQ.v.0
2019-06-20 13:30:00+00:00,33,1,36742,7801.0,7802.5,7795.75,7797.75,5819,NQ.v.0
2019-06-20 13:31:00+00:00,33,1,36742,7797.75,7797.75,7791.25,7792.5,4118,NQ.v.0
2019-06-20 13:32:00+00:00,33,1,36742,7792.25,7792.75,7786.25,7789.25,4410,NQ.v.0
2019-06-20 13:33:00+00:00,33,1,36742,7789.5,7790.0,7779.5,7782.5,3680,NQ.v.0
2019-06-20 13:34:00+00:00,33,1,36742,7782.5,7792.0,7778.0,7782.0,4628,NQ.v.0
2019-06-20 13:35:00+00:00,33,1,36742,7781.75,7786.25,7778.75,7780.5,2457,NQ.v.0
2019-06-20 13:36:00+00:00,33,1,36742,7780.25,7780.75,7774.5,7777.25,2365,NQ.v.0
2019-06-20 13:37:00+00:00,33,1,36742,7777.0,7782.75,7777.0,7779.25,2109,NQ.v.0
2019-06-20 13:38:00+00:00,33,1,36742,7779.0,7785.0,7779.0,7784.5,1887,NQ.v.0
2019-06-20 13:39:00+00:00,33,1,36742,7784.0,7788.5,7782.25,7787.5,2459,NQ.v.0
2019-06-20 13:40:00+00:00,33,1,36742,7787.25,7789.75,7785.0,7785.75,2144,NQ.v.0
2019-06-20 13:41:00+00:00,33,1,36742,7786.0,7789.0,7782.0,7787.75,1503,NQ.v.0
2019-06-20 13:42:00+00:00,33,1,36742,7787.75,7788.75,7786.0,7788.0,1198,NQ.v.0
2019-06-20 13:43:00+00:00,33,1,36742,7788.0,7791.0,7785.25,7785.75,1506,NQ.v.0
2019-06-20 13:44:00+00:00,33,1,36742,7786.0,7786.5,7778.25,7780.5,1925,NQ.v.0
2019-06-20 13:45:00+00:00,33,1,36742,7780.5,7784.5,7777.0,7778.0,1943,NQ.v.0
2019-06-20 13:46:00+00:00,33,1,36742,7778.25,7787.0,7777.25,7784.5,2521,NQ.v.0
2019-06-20 13:47:00+00:00,33,1,36742,7784.75,7787.5,7781.75,7787.5,2483,NQ.v.0
2019-06-20 13:48:00+00:00,33,1,36742,7787.75,7790.0,7786.75,7787.5,1703,NQ.v.0
2019-06-20 13:49:00+00:00,33,1,36742,7787.5,7790.0,7787.0,7788.5,958,NQ.v.0
2019-06-20 13:50:00+00:00,33,1,36742,7788.75,7793.0,7788.75,7791.75,1687,NQ.v.0
2019-06-20 13:51:00+00:00,33,1,36742,7791.75,7794.25,7791.25,7792.0,1791,NQ.v.0
2019-06-20 13:52:00+00:00,33,1,36742,7792.25,7793.75,7788.25,7790.75,1135,NQ.v.0
2019-06-20 13:53:00+00:00,33,1,36742,7790.5,7792.25,7787.5,7789.75,925,NQ.v.0
2019-06-20 13:54:00+00:00,33,1,36742,7789.75,7795.0,7789.75,7794.25,1165,NQ.v.0
2019-06-20 13:55:00+00:00,33,1,36742,7794.25,7795.5,7793.75,7795.0,1283,NQ.v.0
2019-06-20 13:56:00+00:00,33,1,36742,7794.75,7795.25,7790.5,7790.5,1403,NQ.v.0
2019-06-20 13:57:00+00:00,33,1,36742,7790.75,7794.0,7789.0,7793.5,1341,NQ.v.0
2019-06-20 13:58:00+00:00,33,1,36742,7793.25,7794.5,7791.5,7794.25,471,NQ.v.0
2019-06-20 13:59:00+00:00,33,1,36742,7794.25,7796.0,7788.0,7790.25,1029,NQ.v.0
2019-06-20 14:00:00+00:00,33,1,36742,7790.25,7792.0,7785.5,7787.5,1655,NQ.v.0
2019-06-20 14:01:00+00:00,33,1,36742,7787.5,7793.75,7786.5,7792.75,1771,NQ.v.0
2019-06-20 14:02:00+00:00,33,1,36742,7792.75,7793.5,7789.0,7793.25,1186,NQ.v.0
2019-06-20 14:03:00+00:00,33,1,36742,7793.25,7794.5,7790.25,7792.0,966,NQ.v.0
2019-06-20 14:04:00+00:00,33,1,36742,7791.75,7794.25,7789.0,7794.0,917,NQ.v.0
2019-06-20 14:05:00+00:00,33,1,36742,7793.75,7794.25,7787.25,7789.0,1602,NQ.v.0
2019-06-20 14:06:00+00:00,33,1,36742,7788.75,7790.0,7783.5,7785.0,1530,NQ.v.0
2019-06-20 14:07:00+00:00,33,1,36742,7785.25,7785.75,7782.5,7783.75,992,NQ.v.0
2019-06-20 14:08:00+00:00,33,1,36742,7783.75,7787.5,7783.5,7786.25,1159,NQ.v.0
2019-06-20 14:09:00+00:00,33,1,36742,7786.25,7789.0,7785.25,7786.25,949,NQ.v.0
2019-06-20 14:10:00+00:00,33,1,36742,7786.25,7788.0,7783.25,7785.75,958,NQ.v.0
2019-06-20 14:11:00+00:00,33,1,36742,7786.25,7794.0,7784.25,7794.0,2069,NQ.v.0
2019-06-20 14:12:00+00:00,33,1,36742,7793.75,7798.0,7793.75,7795.75,2668,NQ.v.0
2019-06-20 14:13:00+00:00,33,1,36742,7795.75,7796.0,7789.5,7790.25,1331,NQ.v.0
2019-06-20 14:14:00+00:00,33,1,36742,7790.0,7792.0,7786.75,7787.5,1152,NQ.v.0
2019-06-20 14:15:00+00:00,33,1,36742,7787.5,7790.25,7784.5,7786.5,1116,NQ.v.0
2019-06-20 14:16:00+00:00,33,1,36742,7786.0,7787.75,7780.75,7781.75,1391,NQ.v.0
2019-06-20 14:17:00+00:00,33,1,36742,7781.75,7782.0,7776.75,7779.0,2011,NQ.v.0
2019-06-20 14:18:00+00:00,33,1,36742,7779.0,7780.5,7776.75,7777.25,1006,NQ.v.0
2019-06-20 14:19:00+00:00,33,1,36742,7777.0,7778.5,7772.25,7772.5,1734,NQ.v.0
2019-06-20 14:20:00+00:00,33,1,36742,7772.25,7772.75,7765.5,7767.75,3074,NQ.v.0
2019-06-20 14:21:00+00:00,33,1,36742,7767.5,7768.25,7763.5,7763.75,1663,NQ.v.0
2019-06-20 14:22:00+00:00,33,1,36742,7763.75,7764.25,7760.5,7762.25,2264,NQ.v.0
2019-06-20 14:23:00+00:00,33,1,36742,7762.25,7770.25,7762.25,7767.75,2482,NQ.v.0
2019-06-20 14:24:00+00:00,33,1,36742,7767.75,7773.75,7767.5,7772.0,2454,NQ.v.0
2019-06-20 14:25:00+00:00,33,1,36742,7772.25,7778.0,7772.25,7776.0,1541,NQ.v.0
2019-06-20 14:26:00+00:00,33,1,36742,7775.75,7776.5,7771.75,7772.5,940,NQ.v.0
2019-06-20 14:27:00+00:00,33,1,36742,7772.25,7772.5,7769.25,7771.5,841,NQ.v.0
2019-06-20 14:28:00+00:00,33,1,36742,7771.25,7773.0,7767.75,7772.75,957,NQ.v.0
2019-06-20 14:29:00+00:00,33,1,36742,7773.0,7773.25,7763.25,7765.5,1012,NQ.v.0
2019-06-20 14:30:00+00:00,33,1,36742,7765.75,7769.75,7765.75,7767.5,1178,NQ.v.0
2019-06-20 14:31:00+00:00,33,1,36742,7767.75,7769.75,7766.0,7769.75,916,NQ.v.0
2019-06-20 14:32:00+00:00,33,1,36742,7769.75,7770.0,7766.0,7766.75,711,NQ.v.0
2019-06-20 14:33:00+00:00,33,1,36742,7766.75,7768.75,7766.25,7767.5,680,NQ.v.0
2019-06-20 14:34:00+00:00,33,1,36742,7767.5,7768.75,7763.25,7763.25,855,NQ.v.0
2019-06-20 14:35:00+00:00,33,1,36742,7763.5,7766.5,7763.5,7766.25,973,NQ.v.0
2019-06-20 14:36:00+00:00,33,1,36742,7766.25,7767.75,7762.5,7763.5,1073,NQ.v.0
2019-06-20 14:37:00+00:00,33,1,36742,7763.5,7763.75,7756.5,7757.5,1905,NQ.v.0
2019-06-20 14:38:00+00:00,33,1,36742,7757.75,7759.75,7754.25,7759.25,2346,NQ.v.0
2019-06-20 14:39:00+00:00,33,1,36742,7759.25,7761.75,7757.25,7757.75,1159,NQ.v.0
2019-06-20 14:40:00+00:00,33,1,36742,7758.0,7759.75,7756.75,7757.5,993,NQ.v.0
2019-06-20 14:41:00+00:00,33,1,36742,7757.25,7762.5,7756.25,7761.5,886,NQ.v.0
2019-06-20 14:42:00+00:00,33,1,36742,7761.5,7764.75,7761.25,7762.0,1222,NQ.v.0
2019-06-20 14:43:00+00:00,33,1,36742,7761.75,7765.0,7761.75,7764.75,602,NQ.v.0
2019-06-20 14:44:00+00:00,33,1,36742,7765.0,7767.0,7764.75,7766.5,969,NQ.v.0
2019-06-20 14:45:00+00:00,33,1,36742,7766.5,7769.5,7765.75,7769.25,1005,NQ.v.0
2019-06-20 14:46:00+00:00,33,1,36742,7769.25,7770.5,7767.75,7768.0,973,NQ.v.0
2019-06-20 14:47:00+00:00,33,1,36742,7768.25,7768.25,7762.25,7765.0,1452,NQ.v.0
2019-06-20 14:48:00+00:00,33,1,36742,7765.0,7768.5,7764.25,7767.75,814,NQ.v.0
2019-06-20 14:49:00+00:00,33,1,36742,7768.0,7768.5,7766.0,7766.5,561,NQ.v.0
2019-06-20 14:50:00+00:00,33,1,36742,7766.5,7770.5,7766.25,7769.75,866,NQ.v.0
2019-06-20 14:51:00+00:00,33,1,36742,7769.75,7769.75,7763.0,7766.0,1426,NQ.v.0
2019-06-20 14:52:00+00:00,33,1,36742,7766.0,7768.25,7763.75,7767.75,1683,NQ.v.0
2019-06-20 14:53:00+00:00,33,1,36742,7767.75,7769.25,7767.25,7769.0,550,NQ.v.0
2019-06-20 14:54:00+00:00,33,1,36742,7769.25,7769.75,7764.5,7765.5,646,NQ.v.0
2019-06-20 14:55:00+00:00,33,1,36742,7765.5,7767.5,7764.0,7764.25,589,NQ.v.0
2019-06-20 14:56:00+00:00,33,1,36742,7764.5,7765.5,7761.0,7762.0,703,NQ.v.0
2019-06-20 14:57:00+00:00,33,1,36742,7762.5,7763.25,7757.5,7757.75,903,NQ.v.0
2019-06-20 14:58:00+00:00,33,1,36742,7758.0,7759.25,7757.0,7759.25,624,NQ.v.0
2019-06-20 14:59:00+00:00,33,1,36742,7759.5,7760.25,7753.25,7755.0,1506,NQ.v.0
2019-06-20 15:00:00+00:00,33,1,36742,7755.25,7763.75,7753.5,7762.25,1928,NQ.v.0
2019-06-20 15:01:00+00:00,33,1,36742,7762.25,7763.75,7758.75,7763.5,991,NQ.v.0
2019-06-20 15:02:00+00:00,33,1,36742,7763.5,7766.75,7761.75,7762.75,1151,NQ.v.0
2019-06-20 15:03:00+00:00,33,1,36742,7763.0,7763.5,7756.5,7756.75,1015,NQ.v.0
2019-06-20 15:04:00+00:00,33,1,36742,7756.75,7757.0,7752.75,7756.5,1102,NQ.v.0
2019-06-20 15:05:00+00:00,33,1,36742,7756.5,7762.5,7756.5,7759.0,1461,NQ.v.0
2019-06-20 15:06:00+00:00,33,1,36742,7759.25,7763.5,7759.25,7761.25,657,NQ.v.0
2019-06-20 15:07:00+00:00,33,1,36742,7761.25,7764.75,7761.25,7764.5,694,NQ.v.0
2019-06-20 15:08:00+00:00,33,1,36742,7764.5,7768.75,7764.5,7766.5,1201,NQ.v.0
2019-06-20 15:09:00+00:00,33,1,36742,7766.75,7767.0,7763.25,7764.25,788,NQ.v.0
2019-06-20 15:10:00+00:00,33,1,36742,7764.5,7766.5,7760.25,7762.0,1077,NQ.v.0
2019-06-20 15:11:00+00:00,33,1,36742,7762.0,7765.25,7760.0,7764.75,879,NQ.v.0
2019-06-20 15:12:00+00:00,33,1,36742,7764.75,7765.0,7761.25,7762.0,438,NQ.v.0
2019-06-20 15:13:00+00:00,33,1,36742,7762.0,7762.75,7759.5,7762.0,723,NQ.v.0
2019-06-20 15:14:00+00:00,33,1,36742,7762.25,7763.0,7757.0,7757.5,813,NQ.v.0
2019-06-20 15:15:00+00:00,33,1,36742,7757.5,7758.0,7752.25,7752.5,1311,NQ.v.0
2019-06-20 15:16:00+00:00,33,1,36742,7752.5,7754.25,7751.0,7752.5,869,NQ.v.0
2019-06-20 15:17:00+00:00,33,1,36742,7752.25,7754.25,7747.0,7747.5,1596,NQ.v.0
2019-06-20 15:18:00+00:00,33,1,36742,7747.75,7749.25,7740.75,7742.25,2349,NQ.v.0
2019-06-20 15:19:00+00:00,33,1,36742,7742.5,7746.0,7742.5,7744.75,939,NQ.v.0
2019-06-20 15:20:00+00:00,33,1,36742,7744.75,7748.5,7743.5,7745.25,1034,NQ.v.0
2019-06-20 15:21:00+00:00,33,1,36742,7745.75,7746.25,7740.75,7743.5,1323,NQ.v.0
2019-06-20 15:22:00+00:00,33,1,36742,7743.5,7748.0,7743.5,7747.5,804,NQ.v.0
2019-06-20 15:23:00+00:00,33,1,36742,7747.75,7751.0,7747.75,7749.75,1102,NQ.v.0
2019-06-20 15:24:00+00:00,33,1,36742,7749.75,7750.5,7747.5,7749.5,748,NQ.v.0
2019-06-20 15:25:00+00:00,33,1,36742,7749.75,7751.0,7747.0,7749.25,713,NQ.v.0
2019-06-20 15:26:00+00:00,33,1,36742,7749.25,7751.75,7749.0,7749.75,531,NQ.v.0
2019-06-20 15:27:00+00:00,33,1,36742,7750.0,7750.0,7743.5,7743.5,894,NQ.v.0
2019-06-20 15:28:00+00:00,33,1,36742,7743.75,7748.0,7742.0,7744.0,1059,NQ.v.0
2019-06-20 15:29:00+00:00,33,1,36742,7743.75,7746.0,7742.75,7745.25,715,NQ.v.0
2019-06-20 15:30:00+00:00,33,1,36742,7745.25,7747.5,7743.25,7746.25,925,NQ.v.0
2019-06-20 15:31:00+00:00,33,1,36742,7746.5,7747.75,7745.5,7745.75,460,NQ.v.0
2019-06-20 15:32:00+00:00,33,1,36742,7745.75,7745.75,7740.75,7741.75,757,NQ.v.0
2019-06-20 15:33:00+00:00,33,1,36742,7742.0,7742.0,7739.0,7740.75,922,NQ.v.0
2019-06-20 15:34:00+00:00,33,1,36742,7740.75,7742.0,7739.25,7739.25,503,NQ.v.0
2019-06-20 15:35:00+00:00,33,1,36742,7739.25,7744.75,7737.75,7743.75,1408,NQ.v.0
2019-06-20 15:36:00+00:00,33,1,36742,7743.75,7744.0,7739.5,7740.25,914,NQ.v.0
2019-06-20 15:37:00+00:00,33,1,36742,7740.25,7744.0,7740.0,7743.0,624,NQ.v.0
2019-06-20 15:38:00+00:00,33,1,36742,7743.0,7744.75,7741.75,7744.0,437,NQ.v.0
2019-06-20 15:39:00+00:00,33,1,36742,7744.25,7747.25,7744.25,7746.5,525,NQ.v.0
2019-06-20 15:40:00+00:00,33,1,36742,7746.5,7748.25,7744.75,7745.0,582,NQ.v.0
2019-06-20 15:41:00+00:00,33,1,36742,7745.25,7745.5,7743.0,7743.0,313,NQ.v.0
2019-06-20 15:42:00+00:00,33,1,36742,7743.0,7745.25,7740.0,7743.0,739,NQ.v.0
2019-06-20 15:43:00+00:00,33,1,36742,7743.0,7744.75,7741.75,7744.25,664,NQ.v.0
2019-06-20 15:44:00+00:00,33,1,36742,7744.25,7753.75,7744.0,7750.5,1946,NQ.v.0
2019-06-20 15:45:00+00:00,33,1,36742,7750.5,7758.75,7748.5,7754.0,2418,NQ.v.0
2019-06-20 15:46:00+00:00,33,1,36742,7754.25,7755.0,7753.0,7753.5,1022,NQ.v.0
2019-06-20 15:47:00+00:00,33,1,36742,7753.75,7754.5,7751.5,7753.75,529,NQ.v.0
2019-06-20 15:48:00+00:00,33,1,36742,7754.0,7756.5,7753.5,7755.25,736,NQ.v.0
2019-06-20 15:49:00+00:00,33,1,36742,7755.25,7755.75,7753.0,7754.25,446,NQ.v.0
2019-06-20 15:50:00+00:00,33,1,36742,7754.25,7756.5,7754.25,7755.5,389,NQ.v.0
2019-06-20 15:51:00+00:00,33,1,36742,7755.75,7757.75,7755.75,7757.25,401,NQ.v.0
2019-06-20 15:52:00+00:00,33,1,36742,7757.25,7757.75,7753.25,7753.5,531,NQ.v.0
2019-06-20 15:53:00+00:00,33,1,36742,7753.5,7756.5,7752.25,7755.75,511,NQ.v.0
2019-06-20 15:54:00+00:00,33,1,36742,7755.5,7757.25,7755.0,7757.25,210,NQ.v.0
2019-06-20 15:55:00+00:00,33,1,36742,7757.5,7757.75,7755.25,7756.5,376,NQ.v.0
2019-06-20 15:56:00+00:00,33,1,36742,7756.75,7757.0,7755.25,7756.25,306,NQ.v.0
2019-06-20 15:57:00+00:00,33,1,36742,7756.25,7757.0,7754.0,7754.0,198,NQ.v.0
2019-06-20 15:58:00+00:00,33,1,36742,7754.0,7754.75,7750.25,7750.75,657,NQ.v.0
2019-06-20 15:59:00+00:00,33,1,36742,7751.0,7753.25,7750.75,7753.0,423,NQ.v.0
2019-06-20 16:00:00+00:00,33,1,36742,7753.0,7754.75,7751.25,7752.0,467,NQ.v.0
2019-06-20 16:01:00+00:00,33,1,36742,7752.25,7752.25,7749.0,7750.25,529,NQ.v.0
2019-06-20 16:02:00+00:00,33,1,36742,7750.25,7751.0,7748.5,7749.25,655,NQ.v.0
2019-06-20 16:03:00+00:00,33,1,36742,7749.0,7752.0,7748.25,7751.0,460,NQ.v.0
2019-06-20 16:04:00+00:00,33,1,36742,7751.25,7751.25,7748.25,7748.75,666,NQ.v.0
2019-06-20 16:05:00+00:00,33,1,36742,7748.5,7750.75,7748.25,7749.25,588,NQ.v.0
2019-06-20 16:06:00+00:00,33,1,36742,7749.25,7750.75,7746.75,7750.25,609,NQ.v.0
2019-06-20 16:07:00+00:00,33,1,36742,7750.25,7751.25,7747.75,7747.75,374,NQ.v.0
2019-06-20 16:08:00+00:00,33,1,36742,7748.25,7748.75,7745.5,7745.5,483,NQ.v.0
2019-06-20 16:09:00+00:00,33,1,36742,7745.75,7746.75,7741.0,7741.5,826,NQ.v.0
2019-06-20 16:10:00+00:00,33,1,36742,7741.75,7742.25,7729.25,7733.0,3254,NQ.v.0
2019-06-20 16:11:00+00:00,33,1,36742,7733.25,7739.0,7733.25,7734.5,2158,NQ.v.0
2019-06-20 16:12:00+00:00,33,1,36742,7734.25,7734.75,7730.75,7733.75,1065,NQ.v.0
2019-06-20 16:13:00+00:00,33,1,36742,7733.5,7733.5,7725.5,7726.0,1404,NQ.v.0
2019-06-20 16:14:00+00:00,33,1,36742,7725.75,7730.0,7721.75,7723.25,2864,NQ.v.0
2019-06-20 16:15:00+00:00,33,1,36742,7723.5,7726.25,7721.5,7723.5,1192,NQ.v.0
2019-06-20 16:16:00+00:00,33,1,36742,7724.0,7726.0,7716.0,7716.5,1776,NQ.v.0
2019-06-20 16:17:00+00:00,33,1,36742,7716.25,7725.0,7716.25,7719.75,1379,NQ.v.0
2019-06-20 16:18:00+00:00,33,1,36742,7719.75,7720.0,7712.25,7713.75,1799,NQ.v.0
2019-06-20 16:19:00+00:00,33,1,36742,7713.75,7714.25,7706.5,7712.5,1924,NQ.v.0
2019-06-20 16:20:00+00:00,33,1,36742,7712.5,7717.0,7709.25,7716.25,1848,NQ.v.0
2019-06-20 16:21:00+00:00,33,1,36742,7715.75,7718.0,7713.5,7717.0,1390,NQ.v.0
2019-06-20 16:22:00+00:00,33,1,36742,7717.0,7719.25,7714.75,7718.0,833,NQ.v.0
2019-06-20 16:23:00+00:00,33,1,36742,7718.5,7724.75,7718.0,7724.75,1437,NQ.v.0
2019-06-20 16:24:00+00:00,33,1,36742,7725.0,7728.75,7722.75,7728.75,1644,NQ.v.0
2019-06-20 16:25:00+00:00,33,1,36742,7728.25,7729.5,7723.25,7725.25,1586,NQ.v.0
2019-06-20 16:26:00+00:00,33,1,36742,7725.25,7735.75,7725.25,7734.0,2035,NQ.v.0
2019-06-20 16:27:00+00:00,33,1,36742,7734.25,7734.5,7730.25,7733.75,1332,NQ.v.0
2019-06-20 16:28:00+00:00,33,1,36742,7733.25,7735.75,7731.5,7731.5,842,NQ.v.0
2019-06-20 16:29:00+00:00,33,1,36742,7731.25,7737.0,7731.0,7735.5,695,NQ.v.0
2019-06-20 16:30:00+00:00,33,1,36742,7736.0,7737.5,7734.25,7736.0,711,NQ.v.0
2019-06-20 16:31:00+00:00,33,1,36742,7735.75,7738.5,7734.0,7738.5,728,NQ.v.0
2019-06-20 16:32:00+00:00,33,1,36742,7738.5,7741.5,7737.75,7738.25,1439,NQ.v.0
2019-06-20 16:33:00+00:00,33,1,36742,7738.0,7738.25,7733.25,7733.25,867,NQ.v.0
2019-06-20 16:34:00+00:00,33,1,36742,7733.0,7733.75,7730.75,7731.25,547,NQ.v.0
2019-06-20 16:35:00+00:00,33,1,36742,7731.0,7731.75,7725.75,7728.5,1029,NQ.v.0
2019-06-20 16:36:00+00:00,33,1,36742,7728.75,7730.5,7726.5,7728.0,593,NQ.v.0
2019-06-20 16:37:00+00:00,33,1,36742,7728.5,7728.5,7725.25,7728.0,975,NQ.v.0
2019-06-20 16:38:00+00:00,33,1,36742,7727.75,7731.5,7727.25,7728.25,774,NQ.v.0
2019-06-20 16:39:00+00:00,33,1,36742,7728.0,7729.5,7725.5,7726.75,583,NQ.v.0
2019-06-20 16:40:00+00:00,33,1,36742,7726.5,7728.5,7724.75,7726.5,1067,NQ.v.0
2019-06-20 16:41:00+00:00,33,1,36742,7726.5,7728.5,7725.75,7727.75,967,NQ.v.0
2019-06-20 16:42:00+00:00,33,1,36742,7727.5,7734.25,7727.5,7733.25,904,NQ.v.0
2019-06-20 16:43:00+00:00,33,1,36742,7733.25,7734.0,7729.25,7734.0,536,NQ.v.0
2019-06-20 16:44:00+00:00,33,1,36742,7734.0,7735.25,7732.5,7733.75,601,NQ.v.0
2019-06-20 16:45:00+00:00,33,1,36742,7734.0,7734.5,7730.5,7732.25,464,NQ.v.0
2019-06-20 16:46:00+00:00,33,1,36742,7732.25,7735.25,7731.5,7732.25,475,NQ.v.0
2019-06-20 16:47:00+00:00,33,1,36742,7732.5,7734.5,7731.5,7733.25,294,NQ.v.0
2019-06-20 16:48:00+00:00,33,1,36742,7733.75,7734.75,7732.75,7734.5,300,NQ.v.0
2019-06-20 16:49:00+00:00,33,1,36742,7734.25,7736.5,7733.25,7735.25,404,NQ.v.0
2019-06-20 16:50:00+00:00,33,1,36742,7735.5,7737.25,7731.25,7732.5,540,NQ.v.0
2019-06-20 16:51:00+00:00,33,1,36742,7732.25,7734.5,7731.5,7733.0,1419,NQ.v.0
2019-06-20 16:52:00+00:00,33,1,36742,7733.0,7733.5,7729.25,7732.5,1384,NQ.v.0
2019-06-20 16:53:00+00:00,33,1,36742,7732.5,7733.5,7729.25,7730.0,694,NQ.v.0
2019-06-20 16:54:00+00:00,33,1,36742,7730.0,7731.0,7727.25,7727.75,649,NQ.v.0
2019-06-20 16:55:00+00:00,33,1,36742,7727.75,7728.25,7723.5,7725.75,713,NQ.v.0
2019-06-20 16:56:00+00:00,33,1,36742,7725.75,7732.25,7725.75,7731.5,826,NQ.v.0
2019-06-20 16:57:00+00:00,33,1,36742,7732.0,7735.0,7731.75,7734.0,782,NQ.v.0
2019-06-20 16:58:00+00:00,33,1,36742,7734.5,7735.5,7733.5,7734.75,324,NQ.v.0
2019-06-20 16:59:00+00:00,33,1,36742,7735.0,7738.25,7735.0,7736.0,840,NQ.v.0
2019-06-20 17:00:00+00:00,33,1,36742,7735.75,7739.5,7735.75,7739.25,376,NQ.v.0
2019-06-20 17:01:00+00:00,33,1,36742,7739.25,7739.5,7734.0,7734.75,600,NQ.v.0
2019-06-20 17:02:00+00:00,33,1,36742,7735.0,7735.75,7732.75,7734.0,338,NQ.v.0
2019-06-20 17:03:00+00:00,33,1,36742,7734.0,7735.75,7734.0,7734.75,288,NQ.v.0
2019-06-20 17:04:00+00:00,33,1,36742,7734.5,7738.75,7732.75,7733.0,665,NQ.v.0
2019-06-20 17:05:00+00:00,33,1,36742,7733.25,7735.25,7733.25,7734.25,367,NQ.v.0
2019-06-20 17:06:00+00:00,33,1,36742,7734.0,7735.75,7732.25,7735.25,385,NQ.v.0
2019-06-20 17:07:00+00:00,33,1,36742,7735.0,7737.0,7733.25,7735.75,513,NQ.v.0
2019-06-20 17:08:00+00:00,33,1,36742,7736.25,7740.25,7735.5,7739.75,734,NQ.v.0
2019-06-20 17:09:00+00:00,33,1,36742,7739.5,7740.5,7738.0,7739.5,468,NQ.v.0
2019-06-20 17:10:00+00:00,33,1,36742,7739.5,7740.0,7735.5,7735.75,525,NQ.v.0
2019-06-20 17:11:00+00:00,33,1,36742,7736.0,7737.75,7735.0,7737.25,306,NQ.v.0
2019-06-20 17:12:00+00:00,33,1,36742,7737.5,7739.0,7736.75,7737.75,256,NQ.v.0
2019-06-20 17:13:00+00:00,33,1,36742,7737.75,7739.0,7737.25,7737.75,311,NQ.v.0
2019-06-20 17:14:00+00:00,33,1,36742,7737.5,7738.75,7737.0,7738.0,261,NQ.v.0
2019-06-20 17:15:00+00:00,33,1,36742,7737.75,7738.75,7737.25,7737.5,186,NQ.v.0
2019-06-20 17:16:00+00:00,33,1,36742,7737.5,7737.5,7734.25,7734.25,375,NQ.v.0
2019-06-20 17:17:00+00:00,33,1,36742,7734.25,7737.25,7733.75,7736.75,635,NQ.v.0
2019-06-20 17:18:00+00:00,33,1,36742,7736.75,7737.75,7735.5,7736.75,288,NQ.v.0
2019-06-20 17:19:00+00:00,33,1,36742,7736.5,7738.0,7734.0,7737.5,592,NQ.v.0
2019-06-20 17:20:00+00:00,33,1,36742,7737.25,7738.75,7736.75,7738.0,331,NQ.v.0
2019-06-20 17:21:00+00:00,33,1,36742,7738.25,7739.25,7737.0,7737.25,358,NQ.v.0
2019-06-20 17:22:00+00:00,33,1,36742,7737.25,7738.5,7734.25,7735.75,502,NQ.v.0
2019-06-20 17:23:00+00:00,33,1,36742,7735.5,7737.5,7734.5,7737.5,372,NQ.v.0
2019-06-20 17:24:00+00:00,33,1,36742,7737.5,7742.5,7737.0,7741.75,1288,NQ.v.0
2019-06-20 17:25:00+00:00,33,1,36742,7741.5,7743.5,7740.25,7741.75,736,NQ.v.0
2019-06-20 17:26:00+00:00,33,1,36742,7742.0,7743.5,7739.75,7743.25,477,NQ.v.0
2019-06-20 17:27:00+00:00,33,1,36742,7743.25,7746.75,7741.75,7745.0,1165,NQ.v.0
2019-06-20 17:28:00+00:00,33,1,36742,7744.75,7750.0,7744.25,7749.25,1167,NQ.v.0
2019-06-20 17:29:00+00:00,33,1,36742,7749.25,7751.0,7748.5,7749.0,797,NQ.v.0
2019-06-20 17:30:00+00:00,33,1,36742,7749.25,7752.0,7749.0,7751.5,744,NQ.v.0
2019-06-20 17:31:00+00:00,33,1,36742,7751.25,7751.75,7750.25,7750.25,304,NQ.v.0
2019-06-20 17:32:00+00:00,33,1,36742,7750.25,7752.25,7748.25,7751.0,1041,NQ.v.0
2019-06-20 17:33:00+00:00,33,1,36742,7751.25,7751.75,7748.0,7748.0,638,NQ.v.0
2019-06-20 17:34:00+00:00,33,1,36742,7748.0,7748.5,7745.25,7745.25,644,NQ.v.0
2019-06-20 17:35:00+00:00,33,1,36742,7745.25,7745.75,7741.5,7742.25,902,NQ.v.0
2019-06-20 17:36:00+00:00,33,1,36742,7742.25,7744.25,7741.75,7743.75,448,NQ.v.0
2019-06-20 17:37:00+00:00,33,1,36742,7744.0,7745.25,7742.5,7743.5,309,NQ.v.0
2019-06-20 17:38:00+00:00,33,1,36742,7743.5,7744.25,7741.75,7742.25,334,NQ.v.0
2019-06-20 17:39:00+00:00,33,1,36742,7742.75,7744.0,7742.0,7742.75,182,NQ.v.0
2019-06-20 17:40:00+00:00,33,1,36742,7742.5,7743.0,7740.75,7742.5,432,NQ.v.0
2019-06-20 17:41:00+00:00,33,1,36742,7742.25,7743.5,7742.0,7742.75,1054,NQ.v.0
2019-06-20 17:42:00+00:00,33,1,36742,7742.5,7742.5,7740.5,7740.75,245,NQ.v.0
2019-06-20 17:43:00+00:00,33,1,36742,7740.75,7741.0,7736.0,7737.75,936,NQ.v.0
2019-06-20 17:44:00+00:00,33,1,36742,7737.5,7741.0,7737.5,7739.5,343,NQ.v.0
2019-06-20 17:45:00+00:00,33,1,36742,7739.5,7740.25,7738.0,7740.0,273,NQ.v.0
2019-06-20 17:46:00+00:00,33,1,36742,7740.0,7741.5,7740.0,7740.75,203,NQ.v.0
2019-06-20 17:47:00+00:00,33,1,36742,7741.0,7741.0,7739.75,7740.5,128,NQ.v.0
2019-06-20 17:48:00+00:00,33,1,36742,7740.75,7740.75,7738.5,7740.5,248,NQ.v.0
2019-06-20 17:49:00+00:00,33,1,36742,7740.75,7742.25,7739.75,7742.0,279,NQ.v.0
2019-06-20 17:50:00+00:00,33,1,36742,7742.25,7744.25,7741.0,7741.0,353,NQ.v.0
2019-06-20 17:51:00+00:00,33,1,36742,7741.0,7741.75,7739.0,7739.5,768,NQ.v.0
2019-06-20 17:52:00+00:00,33,1,36742,7739.75,7740.0,7738.0,7738.5,256,NQ.v.0
2019-06-20 17:53:00+00:00,33,1,36742,7739.0,7740.75,7738.75,7740.75,225,NQ.v.0
2019-06-20 17:54:00+00:00,33,1,36742,7740.5,7741.0,7737.0,7738.25,353,NQ.v.0
2019-06-20 17:55:00+00:00,33,1,36742,7738.25,7741.25,7737.0,7741.0,488,NQ.v.0
2019-06-20 17:56:00+00:00,33,1,36742,7741.0,7741.0,7738.0,7739.25,304,NQ.v.0
2019-06-20 17:57:00+00:00,33,1,36742,7739.25,7740.5,7738.5,7740.25,172,NQ.v.0
2019-06-20 17:58:00+00:00,33,1,36742,7740.25,7741.25,7739.5,7741.25,198,NQ.v.0
2019-06-20 17:59:00+00:00,33,1,36742,7741.0,7742.0,7739.25,7739.25,261,NQ.v.0
2019-06-20 18:00:00+00:00,33,1,36742,7739.25,7741.5,7734.75,7740.75,709,NQ.v.0
2019-06-20 18:01:00+00:00,33,1,36742,7740.75,7745.75,7740.75,7743.5,784,NQ.v.0
2019-06-20 18:02:00+00:00,33,1,36742,7743.5,7744.5,7741.75,7743.25,398,NQ.v.0
2019-06-20 18:03:00+00:00,33,1,36742,7743.75,7744.0,7742.0,7744.0,186,NQ.v.0
2019-06-20 18:04:00+00:00,33,1,36742,7744.0,7744.0,7741.5,7742.5,160,NQ.v.0
2019-06-20 18:05:00+00:00,33,1,36742,7742.5,7745.25,7742.5,7744.0,348,NQ.v.0
2019-06-20 18:06:00+00:00,33,1,36742,7744.0,7744.75,7741.5,7743.0,246,NQ.v.0
2019-06-20 18:07:00+00:00,33,1,36742,7742.75,7745.25,7742.75,7744.5,242,NQ.v.0
2019-06-20 18:08:00+00:00,33,1,36742,7744.5,7746.75,7743.75,7746.5,249,NQ.v.0
2019-06-20 18:09:00+00:00,33,1,36742,7746.75,7747.25,7744.5,7746.0,325,NQ.v.0
2019-06-20 18:10:00+00:00,33,1,36742,7746.0,7746.75,7742.75,7744.0,305,NQ.v.0
2019-06-20 18:11:00+00:00,33,1,36742,7743.75,7744.5,7742.75,7744.5,236,NQ.v.0
2019-06-20 18:12:00+00:00,33,1,36742,7744.5,7745.5,7743.75,7744.75,264,NQ.v.0
2019-06-20 18:13:00+00:00,33,1,36742,7744.75,7747.75,7743.5,7747.5,778,NQ.v.0
2019-06-20 18:14:00+00:00,33,1,36742,7747.5,7747.5,7743.75,7743.75,486,NQ.v.0
2019-06-20 18:15:00+00:00,33,1,36742,7744.0,7745.5,7741.5,7745.5,487,NQ.v.0
2019-06-20 18:16:00+00:00,33,1,36742,7745.25,7748.0,7744.5,7746.75,510,NQ.v.0
2019-06-20 18:17:00+00:00,33,1,36742,7746.5,7748.0,7746.25,7748.0,309,NQ.v.0
2019-06-20 18:18:00+00:00,33,1,36742,7748.0,7749.25,7747.75,7749.0,477,NQ.v.0
2019-06-20 18:19:00+00:00,33,1,36742,7748.75,7749.5,7748.0,7749.0,340,NQ.v.0
2019-06-20 18:20:00+00:00,33,1,36742,7749.0,7750.25,7746.75,7748.0,934,NQ.v.0
2019-06-20 18:21:00+00:00,33,1,36742,7748.5,7751.25,7747.0,7747.5,576,NQ.v.0
2019-06-20 18:22:00+00:00,33,1,36742,7747.75,7748.0,7745.5,7746.25,419,NQ.v.0
2019-06-20 18:23:00+00:00,33,1,36742,7746.25,7746.75,7744.5,7745.25,365,NQ.v.0
2019-06-20 18:24:00+00:00,33,1,36742,7745.0,7745.5,7743.5,7745.5,436,NQ.v.0
2019-06-20 18:25:00+00:00,33,1,36742,7745.25,7746.0,7742.75,7744.0,474,NQ.v.0
2019-06-20 18:26:00+00:00,33,1,36742,7744.0,7744.75,7743.0,7744.25,214,NQ.v.0
2019-06-20 18:27:00+00:00,33,1,36742,7744.5,7745.0,7743.5,7744.5,180,NQ.v.0
2019-06-20 18:28:00+00:00,33,1,36742,7744.5,7746.75,7744.25,7745.25,232,NQ.v.0
2019-06-20 18:29:00+00:00,33,1,36742,7745.25,7746.5,7744.0,7745.0,265,NQ.v.0
2019-06-20 18:30:00+00:00,33,1,36742,7745.25,7746.25,7744.0,7745.25,443,NQ.v.0
2019-06-20 18:31:00+00:00,33,1,36742,7745.0,7748.0,7744.0,7747.0,432,NQ.v.0
2019-06-20 18:32:00+00:00,33,1,36742,7747.25,7748.0,7745.5,7745.75,302,NQ.v.0
2019-06-20 18:33:00+00:00,33,1,36742,7745.75,7747.25,7744.5,7746.75,351,NQ.v.0
2019-06-20 18:34:00+00:00,33,1,36742,7746.5,7746.5,7744.25,7745.75,331,NQ.v.0
2019-06-20 18:35:00+00:00,33,1,36742,7746.0,7747.0,7745.75,7746.25,274,NQ.v.0
2019-06-20 18:36:00+00:00,33,1,36742,7746.5,7746.5,7744.75,7745.0,315,NQ.v.0
2019-06-20 18:37:00+00:00,33,1,36742,7745.0,7746.25,7745.0,7745.5,152,NQ.v.0
2019-06-20 18:38:00+00:00,33,1,36742,7745.5,7745.75,7745.0,7745.25,188,NQ.v.0
2019-06-20 18:39:00+00:00,33,1,36742,7745.5,7746.25,7744.0,7745.0,268,NQ.v.0
2019-06-20 18:40:00+00:00,33,1,36742,7745.0,7746.0,7744.75,7745.25,228,NQ.v.0
2019-06-20 18:41:00+00:00,33,1,36742,7745.0,7746.75,7744.75,7746.0,354,NQ.v.0
2019-06-20 18:42:00+00:00,33,1,36742,7746.25,7747.5,7745.5,7747.0,605,NQ.v.0
2019-06-20 18:43:00+00:00,33,1,36742,7746.75,7749.5,7746.5,7749.25,526,NQ.v.0
2019-06-20 18:44:00+00:00,33,1,36742,7749.25,7749.5,7744.25,7745.5,581,NQ.v.0
2019-06-20 18:45:00+00:00,33,1,36742,7745.5,7748.25,7745.5,7748.0,326,NQ.v.0
2019-06-20 18:46:00+00:00,33,1,36742,7748.25,7749.25,7748.25,7748.5,338,NQ.v.0
2019-06-20 18:47:00+00:00,33,1,36742,7748.5,7749.0,7748.0,7748.5,181,NQ.v.0
2019-06-20 18:48:00+00:00,33,1,36742,7748.25,7749.75,7747.5,7749.5,260,NQ.v.0
2019-06-20 18:49:00+00:00,33,1,36742,7749.25,7750.0,7748.25,7749.5,451,NQ.v.0
2019-06-20 18:50:00+00:00,33,1,36742,7749.25,7749.75,7747.25,7747.75,310,NQ.v.0
2019-06-20 18:51:00+00:00,33,1,36742,7747.75,7751.25,7747.5,7751.25,555,NQ.v.0
2019-06-20 18:52:00+00:00,33,1,36742,7751.25,7751.75,7748.25,7749.25,572,NQ.v.0
2019-06-20 18:53:00+00:00,33,1,36742,7749.25,7750.25,7747.75,7749.25,402,NQ.v.0
2019-06-20 18:54:00+00:00,33,1,36742,7749.5,7751.75,7748.75,7750.0,446,NQ.v.0
2019-06-20 18:55:00+00:00,33,1,36742,7750.5,7750.5,7747.5,7748.5,375,NQ.v.0
2019-06-20 18:56:00+00:00,33,1,36742,7748.5,7749.25,7747.75,7748.5,330,NQ.v.0
2019-06-20 18:57:00+00:00,33,1,36742,7748.5,7750.25,7748.25,7749.0,416,NQ.v.0
2019-06-20 18:58:00+00:00,33,1,36742,7748.75,7749.75,7748.5,7749.5,175,NQ.v.0
2019-06-20 18:59:00+00:00,33,1,36742,7749.5,7750.0,7748.5,7749.0,217,NQ.v.0
2019-06-20 19:00:00+00:00,33,1,36742,7749.25,7750.25,7745.0,7745.5,1105,NQ.v.0
2019-06-20 19:01:00+00:00,33,1,36742,7745.5,7746.0,7741.25,7742.5,1243,NQ.v.0
2019-06-20 19:02:00+00:00,33,1,36742,7742.25,7743.0,7740.5,7742.25,498,NQ.v.0
2019-06-20 19:03:00+00:00,33,1,36742,7742.0,7745.25,7741.75,7745.25,548,NQ.v.0
2019-06-20 19:04:00+00:00,33,1,36742,7745.5,7746.25,7743.25,7743.75,345,NQ.v.0
2019-06-20 19:05:00+00:00,33,1,36742,7744.0,7744.0,7741.0,7741.25,507,NQ.v.0
2019-06-20 19:06:00+00:00,33,1,36742,7741.5,7741.5,7738.25,7740.0,513,NQ.v.0
2019-06-20 19:07:00+00:00,33,1,36742,7740.0,7742.25,7738.5,7741.0,714,NQ.v.0
2019-06-20 19:08:00+00:00,33,1,36742,7741.0,7744.0,7740.75,7742.75,461,NQ.v.0
2019-06-20 19:09:00+00:00,33,1,36742,7742.75,7743.5,7741.0,7742.0,236,NQ.v.0
2019-06-20 19:10:00+00:00,33,1,36742,7742.5,7745.5,7742.5,7745.25,381,NQ.v.0
2019-06-20 19:11:00+00:00,33,1,36742,7745.5,7746.5,7744.25,7745.5,415,NQ.v.0
2019-06-20 19:12:00+00:00,33,1,36742,7745.75,7746.75,7745.0,7745.5,313,NQ.v.0
2019-06-20 19:13:00+00:00,33,1,36742,7745.75,7748.0,7745.75,7747.25,289,NQ.v.0
2019-06-20 19:14:00+00:00,33,1,36742,7747.5,7748.0,7746.5,7747.0,182,NQ.v.0
2019-06-20 19:15:00+00:00,33,1,36742,7747.25,7747.5,7744.5,7747.0,317,NQ.v.0
2019-06-20 19:16:00+00:00,33,1,36742,7747.25,7748.5,7747.0,7748.0,227,NQ.v.0
2019-06-20 19:17:00+00:00,33,1,36742,7748.25,7750.0,7747.5,7750.0,426,NQ.v.0
2019-06-20 19:18:00+00:00,33,1,36742,7750.0,7750.5,7748.75,7750.25,420,NQ.v.0
2019-06-20 19:19:00+00:00,33,1,36742,7750.5,7751.0,7749.75,7750.25,258,NQ.v.0
2019-06-20 19:20:00+00:00,33,1,36742,7750.5,7753.5,7750.5,7752.75,798,NQ.v.0
2019-06-20 19:21:00+00:00,33,1,36742,7752.25,7755.5,7752.25,7755.0,1176,NQ.v.0
2019-06-20 19:22:00+00:00,33,1,36742,7754.75,7755.5,7753.5,7753.5,716,NQ.v.0
2019-06-20 19:23:00+00:00,33,1,36742,7753.5,7753.75,7751.25,7752.0,579,NQ.v.0
2019-06-20 19:24:00+00:00,33,1,36742,7752.25,7752.25,7751.25,7752.25,322,NQ.v.0
2019-06-20 19:25:00+00:00,33,1,36742,7752.25,7753.5,7752.0,7753.0,332,NQ.v.0
2019-06-20 19:26:00+00:00,33,1,36742,7753.0,7755.75,7753.0,7755.0,430,NQ.v.0
2019-06-20 19:27:00+00:00,33,1,36742,7755.25,7757.25,7753.75,7757.0,495,NQ.v.0
2019-06-20 19:28:00+00:00,33,1,36742,7757.25,7759.25,7756.25,7757.75,851,NQ.v.0
2019-06-20 19:29:00+00:00,33,1,36742,7757.5,7757.75,7755.25,7755.75,617,NQ.v.0
2019-06-20 19:30:00+00:00,33,1,36742,7755.75,7758.25,7755.0,7757.75,647,NQ.v.0
2019-06-20 19:31:00+00:00,33,1,36742,7757.75,7757.75,7753.0,7753.25,1073,NQ.v.0
2019-06-20 19:32:00+00:00,33,1,36742,7753.0,7755.75,7753.0,7754.5,479,NQ.v.0
2019-06-20 19:33:00+00:00,33,1,36742,7754.75,7755.0,7753.5,7754.25,278,NQ.v.0
2019-06-20 19:34:00+00:00,33,1,36742,7754.25,7754.75,7753.0,7753.25,422,NQ.v.0
2019-06-20 19:35:00+00:00,33,1,36742,7753.5,7755.25,7753.25,7755.25,360,NQ.v.0
2019-06-20 19:36:00+00:00,33,1,36742,7755.25,7759.0,7755.0,7759.0,589,NQ.v.0
2019-06-20 19:37:00+00:00,33,1,36742,7759.0,7759.5,7756.5,7757.75,536,NQ.v.0
2019-06-20 19:38:00+00:00,33,1,36742,7758.0,7759.0,7757.0,7757.5,315,NQ.v.0
2019-06-20 19:39:00+00:00,33,1,36742,7757.25,7757.75,7756.25,7756.25,290,NQ.v.0
2019-06-20 19:40:00+00:00,33,1,36742,7756.5,7757.5,7756.25,7756.75,453,NQ.v.0
2019-06-20 19:41:00+00:00,33,1,36742,7756.75,7759.5,7756.5,7759.5,580,NQ.v.0
2019-06-20 19:42:00+00:00,33,1,36742,7759.5,7763.5,7759.5,7762.5,1340,NQ.v.0
2019-06-20 19:43:00+00:00,33,1,36742,7762.5,7764.5,7762.25,7763.75,910,NQ.v.0
2019-06-20 19:44:00+00:00,33,1,36742,7763.75,7765.75,7762.75,7764.5,1115,NQ.v.0
2019-06-20 19:45:00+00:00,33,1,36742,7764.75,7764.75,7763.5,7764.0,780,NQ.v.0
2019-06-20 19:46:00+00:00,33,1,36742,7763.75,7767.0,7763.0,7765.0,1042,NQ.v.0
2019-06-20 19:47:00+00:00,33,1,36742,7765.0,7767.5,7764.5,7767.25,951,NQ.v.0
2019-06-20 19:48:00+00:00,33,1,36742,7767.25,7770.75,7765.75,7767.5,1743,NQ.v.0
2019-06-20 19:49:00+00:00,33,1,36742,7767.5,7770.0,7766.25,7769.0,1165,NQ.v.0
2019-06-20 19:50:00+00:00,33,1,36742,7769.0,7771.75,7767.75,7770.5,2022,NQ.v.0
2019-06-20 19:51:00+00:00,33,1,36742,7770.5,7771.5,7769.0,7770.25,1114,NQ.v.0
2019-06-20 19:52:00+00:00,33,1,36742,7770.25,7771.75,7770.0,7771.5,723,NQ.v.0
2019-06-20 19:53:00+00:00,33,1,36742,7771.5,7773.5,7771.0,7773.25,1132,NQ.v.0
2019-06-20 19:54:00+00:00,33,1,36742,7773.25,7774.5,7769.75,7772.0,2190,NQ.v.0
2019-06-20 19:55:00+00:00,33,1,36742,7772.25,7776.5,7770.75,7771.5,2590,NQ.v.0
2019-06-20 19:56:00+00:00,33,1,36742,7771.75,7772.25,7770.0,7771.5,1063,NQ.v.0
2019-06-20 19:57:00+00:00,33,1,36742,7772.0,7772.0,7770.0,7770.75,1050,NQ.v.0
2019-06-20 19:58:00+00:00,33,1,36742,7770.75,7772.5,7770.5,7770.5,1110,NQ.v.0
2019-06-20 19:59:00+00:00,33,1,36742,7770.5,7772.5,7762.5,7763.0,5219,NQ.v.0
2019-06-20 20:00:00+00:00,33,1,36742,7763.0,7773.5,7762.25,7772.75,3753,NQ.v.0
2019-06-20 20:01:00+00:00,33,1,36742,7772.5,7777.5,7772.25,7775.0,1993,NQ.v.0
2019-06-20 20:02:00+00:00,33,1,36742,7774.75,7775.0,7773.5,7774.0,796,NQ.v.0
2019-06-20 20:03:00+00:00,33,1,36742,7774.25,7775.0,7772.75,7773.5,637,NQ.v.0
2019-06-20 20:04:00+00:00,33,1,36742,7773.75,7774.0,7767.0,7768.25,975,NQ.v.0
2019-06-20 20:05:00+00:00,33,1,36742,7768.5,7768.5,7765.75,7766.75,398,NQ.v.0
2019-06-20 20:06:00+00:00,33,1,36742,7766.5,7767.25,7766.0,7766.75,403,NQ.v.0
2019-06-20 20:07:00+00:00,33,1,36742,7766.75,7769.5,7766.5,7769.0,309,NQ.v.0
2019-06-20 20:08:00+00:00,33,1,36742,7768.5,7768.5,7766.75,7766.75,252,NQ.v.0
2019-06-20 20:09:00+00:00,33,1,36742,7766.75,7767.0,7763.75,7764.25,258,NQ.v.0
2019-06-20 20:10:00+00:00,33,1,36742,7764.25,7764.75,7763.25,7764.0,172,NQ.v.0
2019-06-20 20:11:00+00:00,33,1,36742,7764.0,7764.75,7762.0,7764.75,418,NQ.v.0
2019-06-20 20:12:00+00:00,33,1,36742,7764.75,7767.25,7764.75,7766.5,171,NQ.v.0
2019-06-20 20:13:00+00:00,33,1,36742,7766.5,7767.5,7765.75,7767.0,196,NQ.v.0
2019-06-20 20:14:00+00:00,33,1,36742,7766.75,7775.75,7766.75,7774.0,1350,NQ.v.0
2019-06-20 20:30:00+00:00,33,1,36742,7771.5,7771.5,7765.25,7766.25,427,NQ.v.0
2019-06-20 20:31:00+00:00,33,1,36742,7766.0,7767.5,7765.5,7767.25,96,NQ.v.0
2019-06-20 20:32:00+00:00,33,1,36742,7767.25,7769.75,7766.75,7768.75,63,NQ.v.0
2019-06-20 20:33:00+00:00,33,1,36742,7768.5,7768.5,7765.5,7767.0,85,NQ.v.0
2019-06-20 20:34:00+00:00,33,1,36742,7767.5,7767.5,7766.5,7766.5,48,NQ.v.0
2019-06-20 20:35:00+00:00,33,1,36742,7766.5,7768.25,7766.5,7767.25,94,NQ.v.0
2019-06-20 20:36:00+00:00,33,1,36742,7767.5,7767.5,7763.25,7763.75,133,NQ.v.0
2019-06-20 20:37:00+00:00,33,1,36742,7763.5,7765.75,7763.5,7765.75,68,NQ.v.0
2019-06-20 20:38:00+00:00,33,1,36742,7765.75,7765.75,7764.0,7765.0,51,NQ.v.0
2019-06-20 20:39:00+00:00,33,1,36742,7764.75,7764.75,7764.25,7764.25,14,NQ.v.0
2019-06-20 20:40:00+00:00,33,1,36742,7764.25,7764.5,7763.5,7763.75,46,NQ.v.0
2019-06-20 20:41:00+00:00,33,1,36742,7763.5,7765.25,7763.5,7765.25,26,NQ.v.0
2019-06-20 20:42:00+00:00,33,1,36742,7765.0,7765.25,7764.5,7765.25,15,NQ.v.0
2019-06-20 20:43:00+00:00,33,1,36742,7765.25,7766.75,7765.25,7766.75,35,NQ.v.0
2019-06-20 20:44:00+00:00,33,1,36742,7766.25,7766.25,7763.75,7764.0,45,NQ.v.0
2019-06-20 20:45:00+00:00,33,1,36742,7764.75,7766.25,7762.75,7764.5,71,NQ.v.0
2019-06-20 20:46:00+00:00,33,1,36742,7764.5,7764.75,7762.75,7764.75,39,NQ.v.0
2019-06-20 20:47:00+00:00,33,1,36742,7764.0,7765.0,7763.0,7764.0,48,NQ.v.0
2019-06-20 20:48:00+00:00,33,1,36742,7764.75,7765.5,7764.0,7765.5,34,NQ.v.0
2019-06-20 20:49:00+00:00,33,1,36742,7765.5,7765.75,7764.25,7765.25,17,NQ.v.0
2019-06-20 20:50:00+00:00,33,1,36742,7765.75,7767.5,7765.5,7767.5,50,NQ.v.0
2019-06-20 20:51:00+00:00,33,1,36742,7766.75,7768.0,7766.0,7766.0,36,NQ.v.0
2019-06-20 20:52:00+00:00,33,1,36742,7765.75,7766.75,7765.75,7766.25,7,NQ.v.0
2019-06-20 20:53:00+00:00,33,1,36742,7765.75,7765.75,7764.75,7764.75,3,NQ.v.0
2019-06-20 20:54:00+00:00,33,1,36742,7765.0,7765.25,7764.25,7765.25,20,NQ.v.0
2019-06-20 20:55:00+00:00,33,1,36742,7764.75,7764.75,7761.5,7761.75,126,NQ.v.0
2019-06-20 20:56:00+00:00,33,1,36742,7762.25,7762.25,7761.0,7762.0,51,NQ.v.0
2019-06-20 20:57:00+00:00,33,1,36742,7762.0,7763.75,7762.0,7763.75,30,NQ.v.0
2019-06-20 20:58:00+00:00,33,1,36742,7763.75,7764.25,7763.25,7763.5,20,NQ.v.0
2019-06-20 20:59:00+00:00,33,1,36742,7764.0,7765.0,7763.75,7764.25,66,NQ.v.0
2019-06-20 22:00:00+00:00,33,1,36742,7762.75,7764.0,7761.0,7761.25,146,NQ.v.0
2019-06-20 22:01:00+00:00,33,1,36742,7761.25,7761.75,7759.5,7761.75,63,NQ.v.0
2019-06-20 22:02:00+00:00,33,1,36742,7762.0,7762.5,7760.75,7760.75,45,NQ.v.0
2019-06-20 22:03:00+00:00,33,1,36742,7760.75,7762.25,7760.75,7761.75,25,NQ.v.0
2019-06-20 22:04:00+00:00,33,1,36742,7762.0,7762.0,7761.75,7761.75,13,NQ.v.0
2019-06-20 22:05:00+00:00,33,1,36742,7761.5,7761.75,7760.0,7761.0,46,NQ.v.0
2019-06-20 22:06:00+00:00,33,1,36742,7761.0,7761.5,7760.5,7760.75,56,NQ.v.0
2019-06-20 22:07:00+00:00,33,1,36742,7760.75,7761.5,7759.5,7759.75,56,NQ.v.0
2019-06-20 22:08:00+00:00,33,1,36742,7759.25,7759.5,7757.25,7758.5,137,NQ.v.0
2019-06-20 22:09:00+00:00,33,1,36742,7758.75,7758.75,7757.5,7757.75,16,NQ.v.0
2019-06-20 22:10:00+00:00,33,1,36742,7758.0,7759.25,7757.5,7759.0,56,NQ.v.0
2019-06-20 22:11:00+00:00,33,1,36742,7759.0,7759.5,7758.0,7758.0,43,NQ.v.0
2019-06-20 22:12:00+00:00,33,1,36742,7758.5,7761.5,7758.5,7760.75,150,NQ.v.0
2019-06-20 22:13:00+00:00,33,1,36742,7760.25,7762.0,7760.0,7761.5,38,NQ.v.0
2019-06-20 22:14:00+00:00,33,1,36742,7761.0,7761.5,7760.75,7760.75,19,NQ.v.0
2019-06-20 22:15:00+00:00,33,1,36742,7760.5,7761.75,7760.5,7761.75,9,NQ.v.0
2019-06-20 22:16:00+00:00,33,1,36742,7761.5,7762.5,7761.5,7762.5,20,NQ.v.0
2019-06-20 22:17:00+00:00,33,1,36742,7762.75,7762.75,7761.25,7761.75,26,NQ.v.0
2019-06-20 22:18:00+00:00,33,1,36742,7761.75,7761.75,7759.5,7759.75,32,NQ.v.0
2019-06-20 22:19:00+00:00,33,1,36742,7760.0,7760.5,7759.5,7760.5,8,NQ.v.0
2019-06-20 22:20:00+00:00,33,1,36742,7760.75,7761.25,7760.0,7760.25,51,NQ.v.0
2019-06-20 22:21:00+00:00,33,1,36742,7759.75,7760.25,7759.75,7759.75,12,NQ.v.0
2019-06-20 22:22:00+00:00,33,1,36742,7760.0,7760.25,7758.75,7759.0,31,NQ.v.0
2019-06-20 22:23:00+00:00,33,1,36742,7759.25,7761.0,7758.75,7761.0,29,NQ.v.0
2019-06-20 22:24:00+00:00,33,1,36742,7761.25,7762.5,7761.25,7761.5,30,NQ.v.0
2019-06-20 22:25:00+00:00,33,1,36742,7761.25,7762.0,7761.0,7762.0,19,NQ.v.0
2019-06-20 22:26:00+00:00,33,1,36742,7762.0,7762.25,7761.5,7762.0,15,NQ.v.0
2019-06-20 22:27:00+00:00,33,1,36742,7762.0,7762.0,7761.75,7761.75,3,NQ.v.0
2019-06-20 22:28:00+00:00,33,1,36742,7761.5,7762.75,7761.5,7762.0,30,NQ.v.0
2019-06-20 22:29:00+00:00,33,1,36742,7762.0,7762.0,7761.75,7762.0,10,NQ.v.0
2019-06-20 22:30:00+00:00,33,1,36742,7762.25,7762.75,7762.25,7762.25,26,NQ.v.0
2019-06-20 22:31:00+00:00,33,1,36742,7762.5,7762.5,7761.5,7762.0,22,NQ.v.0
2019-06-20 22:32:00+00:00,33,1,36742,7762.5,7762.5,7762.0,7762.0,11,NQ.v.0
2019-06-20 22:33:00+00:00,33,1,36742,7761.75,7761.75,7760.0,7760.25,51,NQ.v.0
2019-06-20 22:34:00+00:00,33,1,36742,7760.25,7760.25,7760.0,7760.25,6,NQ.v.0
2019-06-20 22:35:00+00:00,33,1,36742,7760.5,7761.0,7760.5,7761.0,11,NQ.v.0
2019-06-20 22:36:00+00:00,33,1,36742,7760.75,7761.0,7760.75,7760.75,4,NQ.v.0
2019-06-20 22:37:00+00:00,33,1,36742,7761.0,7762.0,7760.0,7760.0,60,NQ.v.0
2019-06-20 22:38:00+00:00,33,1,36742,7760.25,7760.25,7759.5,7759.75,14,NQ.v.0
2019-06-20 22:39:00+00:00,33,1,36742,7760.0,7760.25,7759.75,7760.0,29,NQ.v.0
2019-06-20 22:40:00+00:00,33,1,36742,7759.75,7759.75,7757.5,7759.0,131,NQ.v.0
2019-06-20 22:41:00+00:00,33,1,36742,7759.0,7760.0,7758.25,7759.5,53,NQ.v.0
2019-06-20 22:42:00+00:00,33,1,36742,7759.25,7759.25,7758.75,7759.25,15,NQ.v.0
2019-06-20 22:43:00+00:00,33,1,36742,7759.0,7759.25,7758.5,7758.75,23,NQ.v.0
2019-06-20 22:44:00+00:00,33,1,36742,7758.75,7759.0,7757.75,7758.0,50,NQ.v.0
2019-06-20 22:45:00+00:00,33,1,36742,7758.0,7758.5,7758.0,7758.25,23,NQ.v.0
2019-06-20 22:46:00+00:00,33,1,36742,7758.0,7758.0,7756.25,7757.75,58,NQ.v.0
2019-06-20 22:47:00+00:00,33,1,36742,7757.75,7758.25,7757.75,7758.0,15,NQ.v.0
2019-06-20 22:48:00+00:00,33,1,36742,7758.25,7759.25,7758.0,7758.75,14,NQ.v.0
2019-06-20 22:49:00+00:00,33,1,36742,7758.75,7759.75,7758.75,7759.0,15,NQ.v.0
2019-06-20 22:50:00+00:00,33,1,36742,7759.0,7759.5,7759.0,7759.0,20,NQ.v.0
2019-06-20 22:51:00+00:00,33,1,36742,7758.5,7758.5,7757.5,7757.75,64,NQ.v.0
2019-06-20 22:52:00+00:00,33,1,36742,7757.75,7759.25,7757.75,7758.5,19,NQ.v.0
2019-06-20 22:53:00+00:00,33,1,36742,7758.75,7759.0,7758.25,7759.0,21,NQ.v.0
2019-06-20 22:54:00+00:00,33,1,36742,7759.0,7759.75,7759.0,7759.5,20,NQ.v.0
2019-06-20 22:55:00+00:00,33,1,36742,7759.75,7759.75,7759.5,7759.75,7,NQ.v.0
2019-06-20 22:56:00+00:00,33,1,36742,7759.75,7761.25,7759.5,7760.5,48,NQ.v.0
2019-06-20 22:57:00+00:00,33,1,36742,7760.5,7760.5,7759.75,7760.0,28,NQ.v.0
2019-06-20 22:58:00+00:00,33,1,36742,7759.75,7760.0,7759.5,7759.5,11,NQ.v.0
2019-06-20 22:59:00+00:00,33,1,36742,7759.75,7760.0,7759.75,7759.75,12,NQ.v.0
2019-06-20 23:00:00+00:00,33,1,36742,7759.75,7760.0,7758.25,7758.25,20,NQ.v.0
2019-06-20 23:01:00+00:00,33,1,36742,7758.5,7758.5,7758.0,7758.25,12,NQ.v.0
2019-06-20 23:02:00+00:00,33,1,36742,7758.25,7758.5,7757.25,7757.75,32,NQ.v.0
2019-06-20 23:03:00+00:00,33,1,36742,7757.75,7758.0,7757.5,7757.5,11,NQ.v.0
2019-06-20 23:04:00+00:00,33,1,36742,7757.5,7757.75,7756.25,7757.5,68,NQ.v.0
2019-06-20 23:05:00+00:00,33,1,36742,7757.25,7757.25,7755.5,7755.5,74,NQ.v.0
2019-06-20 23:06:00+00:00,33,1,36742,7755.5,7756.75,7755.25,7755.25,56,NQ.v.0
2019-06-20 23:07:00+00:00,33,1,36742,7755.75,7755.75,7754.25,7755.0,67,NQ.v.0
2019-06-20 23:08:00+00:00,33,1,36742,7755.25,7756.25,7755.25,7756.25,23,NQ.v.0
2019-06-20 23:09:00+00:00,33,1,36742,7756.25,7756.25,7755.0,7755.0,31,NQ.v.0
2019-06-20 23:10:00+00:00,33,1,36742,7754.75,7756.5,7754.75,7756.5,15,NQ.v.0
2019-06-20 23:11:00+00:00,33,1,36742,7756.75,7757.0,7755.75,7756.0,12,NQ.v.0
2019-06-20 23:12:00+00:00,33,1,36742,7756.75,7757.0,7756.0,7756.5,16,NQ.v.0
2019-06-20 23:13:00+00:00,33,1,36742,7756.5,7756.75,7756.25,7756.25,21,NQ.v.0
2019-06-20 23:14:00+00:00,33,1,36742,7756.25,7756.25,7756.0,7756.25,5,NQ.v.0
2019-06-20 23:15:00+00:00,33,1,36742,7756.5,7756.5,7756.25,7756.5,4,NQ.v.0
2019-06-20 23:16:00+00:00,33,1,36742,7756.75,7756.75,7756.25,7756.25,8,NQ.v.0
2019-06-20 23:17:00+00:00,33,1,36742,7756.75,7757.0,7756.25,7756.75,17,NQ.v.0
2019-06-20 23:18:00+00:00,33,1,36742,7756.25,7757.5,7756.25,7757.0,28,NQ.v.0
2019-06-20 23:19:00+00:00,33,1,36742,7757.25,7758.0,7756.75,7757.75,39,NQ.v.0
2019-06-20 23:20:00+00:00,33,1,36742,7757.5,7757.75,7757.25,7757.25,11,NQ.v.0
2019-06-20 23:21:00+00:00,33,1,36742,7757.5,7757.5,7757.25,7757.5,8,NQ.v.0
2019-06-20 23:22:00+00:00,33,1,36742,7757.5,7758.25,7757.5,7757.5,9,NQ.v.0
2019-06-20 23:23:00+00:00,33,1,36742,7758.0,7759.25,7757.75,7758.75,31,NQ.v.0
2019-06-20 23:24:00+00:00,33,1,36742,7759.25,7759.75,7759.0,7759.5,18,NQ.v.0
2019-06-20 23:25:00+00:00,33,1,36742,7759.75,7762.25,7759.5,7762.25,97,NQ.v.0
2019-06-20 23:26:00+00:00,33,1,36742,7762.0,7764.25,7762.0,7764.0,108,NQ.v.0
2019-06-20 23:27:00+00:00,33,1,36742,7764.0,7765.25,7762.75,7763.5,114,NQ.v.0
2019-06-20 23:28:00+00:00,33,1,36742,7763.75,7765.0,7763.75,7764.25,56,NQ.v.0
2019-06-20 23:29:00+00:00,33,1,36742,7764.0,7764.0,7762.75,7762.75,18,NQ.v.0
2019-06-20 23:30:00+00:00,33,1,36742,7763.5,7766.0,7763.25,7765.5,75,NQ.v.0
2019-06-20 23:31:00+00:00,33,1,36742,7765.5,7766.75,7765.5,7766.75,68,NQ.v.0
2019-06-20 23:32:00+00:00,33,1,36742,7766.5,7766.75,7766.0,7766.0,23,NQ.v.0
2019-06-20 23:33:00+00:00,33,1,36742,7766.5,7766.5,7764.75,7766.25,61,NQ.v.0
2019-06-20 23:34:00+00:00,33,1,36742,7766.5,7766.75,7766.0,7766.75,20,NQ.v.0
2019-06-20 23:35:00+00:00,33,1,36742,7767.0,7767.0,7766.5,7766.75,30,NQ.v.0
2019-06-20 23:36:00+00:00,33,1,36742,7766.75,7766.75,7766.25,7766.75,28,NQ.v.0
2019-06-20 23:37:00+00:00,33,1,36742,7766.5,7767.0,7765.25,7766.5,94,NQ.v.0
2019-06-20 23:38:00+00:00,33,1,36742,7766.5,7766.5,7765.75,7765.75,7,NQ.v.0
2019-06-20 23:39:00+00:00,33,1,36742,7765.5,7765.75,7764.25,7765.25,49,NQ.v.0
2019-06-20 23:40:00+00:00,33,1,36742,7765.25,7765.5,7764.75,7765.25,28,NQ.v.0
2019-06-20 23:41:00+00:00,33,1,36742,7765.5,7766.5,7764.25,7764.5,52,NQ.v.0
2019-06-20 23:42:00+00:00,33,1,36742,7764.5,7765.0,7764.25,7764.25,45,NQ.v.0
2019-06-20 23:43:00+00:00,33,1,36742,7764.0,7764.5,7763.75,7764.5,46,NQ.v.0
2019-06-20 23:44:00+00:00,33,1,36742,7765.0,7765.5,7764.5,7765.25,37,NQ.v.0
2019-06-20 23:45:00+00:00,33,1,36742,7765.25,7765.25,7764.25,7764.25,20,NQ.v.0
2019-06-20 23:46:00+00:00,33,1,36742,7764.5,7765.0,7762.5,7762.5,29,NQ.v.0
2019-06-20 23:47:00+00:00,33,1,36742,7762.75,7763.75,7762.5,7763.75,20,NQ.v.0
2019-06-20 23:48:00+00:00,33,1,36742,7763.5,7764.25,7763.5,7764.0,9,NQ.v.0
2019-06-20 23:49:00+00:00,33,1,36742,7764.0,7765.25,7764.0,7764.75,18,NQ.v.0
2019-06-20 23:50:00+00:00,33,1,36742,7765.25,7765.25,7763.75,7764.25,39,NQ.v.0
2019-06-20 23:51:00+00:00,33,1,36742,7764.0,7764.0,7763.25,7764.0,9,NQ.v.0
2019-06-20 23:52:00+00:00,33,1,36742,7763.75,7764.25,7763.75,7764.0,16,NQ.v.0
2019-06-20 23:53:00+00:00,33,1,36742,7763.75,7763.75,7763.25,7763.25,4,NQ.v.0
2019-06-20 23:54:00+00:00,33,1,36742,7763.5,7764.25,7763.5,7764.0,13,NQ.v.0
2019-06-20 23:55:00+00:00,33,1,36742,7763.75,7764.75,7763.75,7764.0,25,NQ.v.0
2019-06-20 23:56:00+00:00,33,1,36742,7764.0,7764.5,7763.5,7763.5,12,NQ.v.0
2019-06-20 23:57:00+00:00,33,1,36742,7763.75,7763.75,7763.0,7763.0,11,NQ.v.0
2019-06-20 23:58:00+00:00,33,1,36742,7763.0,7763.5,7763.0,7763.5,3,NQ.v.0
2019-06-20 23:59:00+00:00,33,1,36742,7763.5,7764.25,7763.5,7763.75,27,NQ.v.0
2019-06-21 00:00:00+00:00,33,1,36742,7764.0,7764.0,7760.75,7762.75,119,NQ.v.0
2019-06-21 00:01:00+00:00,33,1,36742,7762.5,7763.5,7762.0,7762.0,32,NQ.v.0
2019-06-21 00:02:00+00:00,33,1,36742,7761.25,7761.5,7758.75,7759.5,96,NQ.v.0
2019-06-21 00:03:00+00:00,33,1,36742,7759.75,7759.75,7756.25,7758.0,195,NQ.v.0
2019-06-21 00:04:00+00:00,33,1,36742,7757.75,7759.25,7757.5,7758.75,62,NQ.v.0
2019-06-21 00:05:00+00:00,33,1,36742,7759.0,7761.0,7758.5,7760.0,95,NQ.v.0
2019-06-21 00:06:00+00:00,33,1,36742,7760.0,7761.25,7759.25,7760.75,79,NQ.v.0
2019-06-21 00:07:00+00:00,33,1,36742,7760.75,7761.75,7760.75,7761.75,46,NQ.v.0
2019-06-21 00:08:00+00:00,33,1,36742,7761.5,7761.75,7760.75,7761.25,47,NQ.v.0
2019-06-21 00:09:00+00:00,33,1,36742,7761.25,7761.25,7760.5,7761.0,52,NQ.v.0
2019-06-21 00:10:00+00:00,33,1,36742,7760.75,7761.25,7760.0,7761.25,96,NQ.v.0
2019-06-21 00:11:00+00:00,33,1,36742,7761.0,7761.25,7759.25,7759.25,75,NQ.v.0
2019-06-21 00:12:00+00:00,33,1,36742,7759.25,7761.5,7759.25,7761.25,53,NQ.v.0
2019-06-21 00:13:00+00:00,33,1,36742,7761.25,7764.0,7761.25,7764.0,159,NQ.v.0
2019-06-21 00:14:00+00:00,33,1,36742,7764.0,7764.0,7763.0,7763.5,67,NQ.v.0
2019-06-21 00:15:00+00:00,33,1,36742,7763.5,7765.5,7763.25,7765.5,95,NQ.v.0
2019-06-21 00:16:00+00:00,33,1,36742,7765.5,7769.75,7765.0,7768.0,267,NQ.v.0
2019-06-21 00:17:00+00:00,33,1,36742,7768.0,7770.75,7767.75,7768.0,185,NQ.v.0
2019-06-21 00:18:00+00:00,33,1,36742,7767.75,7769.0,7767.5,7767.5,81,NQ.v.0
2019-06-21 00:19:00+00:00,33,1,36742,7767.25,7767.25,7765.0,7765.5,117,NQ.v.0
2019-06-21 00:20:00+00:00,33,1,36742,7765.25,7766.0,7764.75,7765.0,55,NQ.v.0
2019-06-21 00:21:00+00:00,33,1,36742,7765.0,7765.0,7762.25,7763.0,78,NQ.v.0
2019-06-21 00:22:00+00:00,33,1,36742,7763.0,7763.0,7761.0,7762.0,66,NQ.v.0
2019-06-21 00:23:00+00:00,33,1,36742,7762.25,7763.25,7761.25,7762.75,109,NQ.v.0
2019-06-21 00:24:00+00:00,33,1,36742,7762.5,7762.75,7761.25,7761.5,57,NQ.v.0
2019-06-21 00:25:00+00:00,33,1,36742,7761.5,7761.75,7761.25,7761.5,14,NQ.v.0
2019-06-21 00:26:00+00:00,33,1,36742,7761.5,7761.5,7760.75,7761.0,32,NQ.v.0
2019-06-21 00:27:00+00:00,33,1,36742,7760.75,7762.0,7760.0,7762.0,76,NQ.v.0
2019-06-21 00:28:00+00:00,33,1,36742,7762.0,7762.5,7761.75,7762.25,27,NQ.v.0
2019-06-21 00:29:00+00:00,33,1,36742,7762.5,7763.25,7762.5,7762.75,23,NQ.v.0
2019-06-21 00:30:00+00:00,33,1,36742,7762.25,7762.75,7761.75,7762.0,35,NQ.v.0
2019-06-21 00:31:00+00:00,33,1,36742,7762.0,7762.0,7760.25,7761.25,51,NQ.v.0
2019-06-21 00:32:00+00:00,33,1,36742,7761.5,7764.0,7761.0,7763.75,48,NQ.v.0
2019-06-21 00:33:00+00:00,33,1,36742,7763.5,7765.25,7763.25,7764.75,40,NQ.v.0
2019-06-21 00:34:00+00:00,33,1,36742,7765.0,7765.25,7764.0,7764.0,37,NQ.v.0
2019-06-21 00:35:00+00:00,33,1,36742,7764.5,7764.5,7763.75,7764.0,28,NQ.v.0
2019-06-21 00:36:00+00:00,33,1,36742,7763.75,7764.75,7763.5,7764.25,94,NQ.v.0
2019-06-21 00:37:00+00:00,33,1,36742,7764.5,7768.5,7764.5,7767.25,93,NQ.v.0
2019-06-21 00:38:00+00:00,33,1,36742,7767.0,7767.25,7766.5,7766.75,31,NQ.v.0
2019-06-21 00:39:00+00:00,33,1,36742,7767.0,7767.25,7766.5,7766.5,25,NQ.v.0
2019-06-21 00:40:00+00:00,33,1,36742,7766.25,7766.75,7765.25,7765.25,28,NQ.v.0
2019-06-21 00:41:00+00:00,33,1,36742,7765.0,7765.75,7764.5,7765.0,33,NQ.v.0
2019-06-21 00:42:00+00:00,33,1,36742,7765.0,7765.0,7764.0,7764.0,30,NQ.v.0
2019-06-21 00:43:00+00:00,33,1,36742,7763.75,7763.75,7761.5,7761.75,102,NQ.v.0
2019-06-21 00:44:00+00:00,33,1,36742,7761.75,7762.75,7761.5,7762.5,33,NQ.v.0
2019-06-21 00:45:00+00:00,33,1,36742,7762.75,7763.25,7761.25,7762.0,45,NQ.v.0
2019-06-21 00:46:00+00:00,33,1,36742,7762.25,7764.0,7762.0,7763.5,48,NQ.v.0
2019-06-21 00:47:00+00:00,33,1,36742,7763.5,7764.0,7763.0,7763.0,38,NQ.v.0
2019-06-21 00:48:00+00:00,33,1,36742,7763.0,7763.0,7762.5,7763.0,17,NQ.v.0
2019-06-21 00:49:00+00:00,33,1,36742,7763.0,7763.75,7763.0,7763.5,20,NQ.v.0
2019-06-21 00:50:00+00:00,33,1,36742,7763.5,7763.75,7763.0,7763.0,34,NQ.v.0
2019-06-21 00:51:00+00:00,33,1,36742,7763.0,7763.0,7762.0,7762.0,21,NQ.v.0
2019-06-21 00:52:00+00:00,33,1,36742,7761.75,7762.5,7760.75,7762.25,59,NQ.v.0
2019-06-21 00:53:00+00:00,33,1,36742,7762.5,7763.0,7761.75,7762.0,27,NQ.v.0
2019-06-21 00:54:00+00:00,33,1,36742,7761.75,7762.25,7761.25,7762.25,20,NQ.v.0
2019-06-21 00:55:00+00:00,33,1,36742,7762.5,7763.25,7761.75,7763.25,22,NQ.v.0
2019-06-21 00:56:00+00:00,33,1,36742,7763.0,7763.0,7762.5,7762.75,7,NQ.v.0
2019-06-21 00:57:00+00:00,33,1,36742,7762.75,7763.0,7762.25,7762.75,13,NQ.v.0
2019-06-21 00:58:00+00:00,33,1,36742,7762.5,7762.75,7761.75,7762.75,19,NQ.v.0
2019-06-21 00:59:00+00:00,33,1,36742,7762.75,7762.75,7762.75,7762.75,4,NQ.v.0
2019-06-21 01:00:00+00:00,33,1,36742,7762.5,7762.75,7760.5,7761.25,88,NQ.v.0
2019-06-21 01:01:00+00:00,33,1,36742,7761.75,7764.5,7761.25,7764.5,89,NQ.v.0
2019-06-21 01:02:00+00:00,33,1,36742,7764.25,7764.25,7763.0,7763.5,36,NQ.v.0
2019-06-21 01:03:00+00:00,33,1,36742,7763.25,7763.5,7760.5,7760.5,62,NQ.v.0
2019-06-21 01:04:00+00:00,33,1,36742,7760.25,7761.5,7756.75,7761.0,205,NQ.v.0
2019-06-21 01:05:00+00:00,33,1,36742,7761.0,7761.75,7759.0,7759.5,87,NQ.v.0
2019-06-21 01:06:00+00:00,33,1,36742,7759.5,7759.75,7758.5,7759.25,60,NQ.v.0
2019-06-21 01:07:00+00:00,33,1,36742,7758.75,7761.25,7758.0,7760.25,69,NQ.v.0
2019-06-21 01:08:00+00:00,33,1,36742,7759.75,7759.75,7758.0,7758.25,57,NQ.v.0
2019-06-21 01:09:00+00:00,33,1,36742,7758.25,7759.25,7757.5,7759.0,45,NQ.v.0
2019-06-21 01:10:00+00:00,33,1,36742,7758.5,7758.75,7757.0,7757.0,60,NQ.v.0
2019-06-21 01:11:00+00:00,33,1,36742,7757.0,7757.25,7755.5,7756.0,132,NQ.v.0
2019-06-21 01:12:00+00:00,33,1,36742,7755.75,7756.5,7754.5,7756.5,130,NQ.v.0
2019-06-21 01:13:00+00:00,33,1,36742,7756.75,7756.75,7755.25,7755.75,35,NQ.v.0
2019-06-21 01:14:00+00:00,33,1,36742,7755.25,7758.0,7755.25,7757.25,71,NQ.v.0
2019-06-21 01:15:00+00:00,33,1,36742,7757.25,7757.25,7754.0,7756.25,140,NQ.v.0
2019-06-21 01:16:00+00:00,33,1,36742,7756.0,7760.0,7756.0,7759.75,115,NQ.v.0
2019-06-21 01:17:00+00:00,33,1,36742,7759.75,7759.75,7757.0,7758.25,122,NQ.v.0
2019-06-21 01:18:00+00:00,33,1,36742,7758.5,7758.75,7757.25,7757.5,52,NQ.v.0
2019-06-21 01:19:00+00:00,33,1,36742,7757.75,7758.25,7757.0,7757.25,28,NQ.v.0
2019-06-21 01:20:00+00:00,33,1,36742,7757.0,7757.0,7755.25,7755.5,111,NQ.v.0
2019-06-21 01:21:00+00:00,33,1,36742,7755.5,7756.75,7755.0,7755.5,68,NQ.v.0
2019-06-21 01:22:00+00:00,33,1,36742,7755.75,7756.0,7754.25,7755.25,76,NQ.v.0
2019-06-21 01:23:00+00:00,33,1,36742,7755.0,7756.0,7754.25,7755.75,53,NQ.v.0
2019-06-21 01:24:00+00:00,33,1,36742,7756.0,7756.5,7755.0,7755.25,76,NQ.v.0
2019-06-21 01:25:00+00:00,33,1,36742,7755.0,7757.0,7754.5,7756.5,67,NQ.v.0
2019-06-21 01:26:00+00:00,33,1,36742,7756.25,7757.25,7756.25,7757.0,25,NQ.v.0
2019-06-21 01:27:00+00:00,33,1,36742,7757.0,7758.75,7757.0,7758.0,71,NQ.v.0
2019-06-21 01:28:00+00:00,33,1,36742,7758.0,7759.0,7757.5,7757.5,29,NQ.v.0
2019-06-21 01:29:00+00:00,33,1,36742,7757.0,7757.0,7755.75,7757.0,74,NQ.v.0
2019-06-21 01:30:00+00:00,33,1,36742,7756.75,7756.75,7755.0,7756.25,126,NQ.v.0
2019-06-21 01:31:00+00:00,33,1,36742,7756.5,7759.0,7755.5,7757.75,168,NQ.v.0
2019-06-21 01:32:00+00:00,33,1,36742,7757.75,7759.75,7756.75,7759.25,189,NQ.v.0
2019-06-21 01:33:00+00:00,33,1,36742,7759.0,7760.75,7758.75,7760.0,153,NQ.v.0
2019-06-21 01:34:00+00:00,33,1,36742,7760.5,7762.0,7759.5,7760.25,215,NQ.v.0
2019-06-21 01:35:00+00:00,33,1,36742,7760.25,7762.0,7760.25,7761.0,87,NQ.v.0
2019-06-21 01:36:00+00:00,33,1,36742,7760.75,7762.5,7760.5,7761.75,143,NQ.v.0
2019-06-21 01:37:00+00:00,33,1,36742,7762.0,7762.0,7758.0,7760.5,331,NQ.v.0
2019-06-21 01:38:00+00:00,33,1,36742,7760.5,7761.0,7759.75,7759.75,79,NQ.v.0
2019-06-21 01:39:00+00:00,33,1,36742,7759.75,7760.5,7758.25,7759.5,184,NQ.v.0
2019-06-21 01:40:00+00:00,33,1,36742,7759.25,7761.25,7759.25,7761.0,94,NQ.v.0
2019-06-21 01:41:00+00:00,33,1,36742,7761.0,7763.25,7761.0,7761.75,169,NQ.v.0
2019-06-21 01:42:00+00:00,33,1,36742,7762.0,7763.25,7761.75,7763.0,59,NQ.v.0
2019-06-21 01:43:00+00:00,33,1,36742,7762.75,7762.75,7760.5,7761.0,212,NQ.v.0
2019-06-21 01:44:00+00:00,33,1,36742,7760.75,7760.75,7759.25,7759.25,42,NQ.v.0
2019-06-21 01:45:00+00:00,33,1,36742,7759.5,7760.25,7757.75,7757.75,65,NQ.v.0
2019-06-21 01:46:00+00:00,33,1,36742,7757.5,7757.5,7756.5,7757.0,95,NQ.v.0
2019-06-21 01:47:00+00:00,33,1,36742,7756.75,7757.75,7755.25,7756.0,73,NQ.v.0
2019-06-21 01:48:00+00:00,33,1,36742,7756.0,7758.25,7755.75,7757.0,181,NQ.v.0
2019-06-21 01:49:00+00:00,33,1,36742,7756.75,7756.75,7754.75,7756.0,114,NQ.v.0
2019-06-21 01:50:00+00:00,33,1,36742,7755.25,7756.0,7753.5,7755.0,220,NQ.v.0
2019-06-21 01:51:00+00:00,33,1,36742,7755.25,7756.5,7753.75,7754.0,183,NQ.v.0
2019-06-21 01:52:00+00:00,33,1,36742,7754.5,7755.0,7752.75,7754.5,98,NQ.v.0
2019-06-21 01:53:00+00:00,33,1,36742,7754.0,7756.5,7753.75,7756.25,240,NQ.v.0
2019-06-21 01:54:00+00:00,33,1,36742,7756.25,7756.25,7754.5,7754.5,63,NQ.v.0
2019-06-21 01:55:00+00:00,33,1,36742,7754.75,7756.0,7754.25,7755.25,42,NQ.v.0
2019-06-21 01:56:00+00:00,33,1,36742,7756.0,7756.0,7753.5,7753.5,49,NQ.v.0
2019-06-21 01:57:00+00:00,33,1,36742,7753.5,7753.5,7752.0,7753.0,145,NQ.v.0
2019-06-21 01:58:00+00:00,33,1,36742,7753.0,7755.25,7752.5,7752.75,280,NQ.v.0
2019-06-21 01:59:00+00:00,33,1,36742,7752.25,7753.75,7752.0,7753.0,77,NQ.v.0
2019-06-21 02:00:00+00:00,33,1,36742,7752.75,7754.25,7751.5,7752.75,125,NQ.v.0
2019-06-21 02:01:00+00:00,33,1,36742,7752.5,7753.25,7750.25,7752.25,116,NQ.v.0
2019-06-21 02:02:00+00:00,33,1,36742,7751.75,7752.75,7751.5,7752.75,47,NQ.v.0
2019-06-21 02:03:00+00:00,33,1,36742,7752.5,7753.75,7751.5,7753.25,57,NQ.v.0
2019-06-21 02:04:00+00:00,33,1,36742,7753.5,7753.5,7751.75,7752.0,89,NQ.v.0
2019-06-21 02:05:00+00:00,33,1,36742,7752.0,7753.25,7751.25,7752.75,254,NQ.v.0
2019-06-21 02:06:00+00:00,33,1,36742,7752.75,7753.75,7752.75,7753.25,76,NQ.v.0
2019-06-21 02:07:00+00:00,33,1,36742,7753.0,7754.25,7752.75,7754.25,57,NQ.v.0
2019-06-21 02:08:00+00:00,33,1,36742,7754.25,7755.25,7754.0,7754.75,41,NQ.v.0
2019-06-21 02:09:00+00:00,33,1,36742,7755.0,7755.75,7754.75,7755.5,43,NQ.v.0
2019-06-21 02:10:00+00:00,33,1,36742,7755.75,7757.0,7755.25,7756.0,87,NQ.v.0
2019-06-21 02:11:00+00:00,33,1,36742,7756.0,7758.25,7756.0,7758.0,125,NQ.v.0
2019-06-21 02:12:00+00:00,33,1,36742,7758.0,7758.0,7756.75,7757.5,60,NQ.v.0
2019-06-21 02:13:00+00:00,33,1,36742,7757.25,7757.75,7756.75,7757.25,32,NQ.v.0
2019-06-21 02:14:00+00:00,33,1,36742,7757.25,7757.75,7756.25,7756.5,35,NQ.v.0
2019-06-21 02:15:00+00:00,33,1,36742,7756.75,7757.0,7755.5,7756.0,88,NQ.v.0
2019-06-21 02:16:00+00:00,33,1,36742,7756.0,7757.5,7755.25,7756.5,80,NQ.v.0
2019-06-21 02:17:00+00:00,33,1,36742,7756.75,7758.25,7756.5,7758.0,64,NQ.v.0
2019-06-21 02:18:00+00:00,33,1,36742,7758.0,7758.25,7757.0,7757.5,33,NQ.v.0
2019-06-21 02:19:00+00:00,33,1,36742,7757.75,7757.75,7757.25,7757.25,12,NQ.v.0
2019-06-21 02:20:00+00:00,33,1,36742,7757.5,7758.5,7757.25,7758.5,53,NQ.v.0
2019-06-21 02:21:00+00:00,33,1,36742,7758.0,7758.0,7756.75,7756.75,50,NQ.v.0
2019-06-21 02:22:00+00:00,33,1,36742,7756.75,7756.75,7755.5,7755.75,13,NQ.v.0
2019-06-21 02:23:00+00:00,33,1,36742,7755.75,7757.0,7755.75,7757.0,25,NQ.v.0
2019-06-21 02:24:00+00:00,33,1,36742,7757.0,7757.5,7756.75,7757.0,44,NQ.v.0
2019-06-21 02:25:00+00:00,33,1,36742,7756.75,7758.5,7756.5,7758.25,74,NQ.v.0
2019-06-21 02:26:00+00:00,33,1,36742,7758.25,7759.0,7757.5,7757.5,38,NQ.v.0
2019-06-21 02:27:00+00:00,33,1,36742,7757.5,7758.75,7757.25,7758.0,34,NQ.v.0
2019-06-21 02:28:00+00:00,33,1,36742,7758.0,7758.25,7756.25,7756.5,86,NQ.v.0
2019-06-21 02:29:00+00:00,33,1,36742,7756.75,7756.75,7755.75,7756.75,42,NQ.v.0
2019-06-21 02:30:00+00:00,33,1,36742,7756.75,7756.75,7755.75,7756.0,14,NQ.v.0
2019-06-21 02:31:00+00:00,33,1,36742,7755.75,7756.0,7755.5,7756.0,12,NQ.v.0
2019-06-21 02:32:00+00:00,33,1,36742,7755.75,7755.75,7751.75,7751.75,165,NQ.v.0
2019-06-21 02:33:00+00:00,33,1,36742,7752.25,7754.0,7752.25,7754.0,52,NQ.v.0
2019-06-21 02:34:00+00:00,33,1,36742,7754.0,7756.0,7753.5,7756.0,64,NQ.v.0
2019-06-21 02:35:00+00:00,33,1,36742,7756.25,7757.75,7756.25,7757.0,66,NQ.v.0
2019-06-21 02:36:00+00:00,33,1,36742,7757.0,7757.5,7756.25,7757.25,36,NQ.v.0
2019-06-21 02:37:00+00:00,33,1,36742,7757.5,7757.75,7757.0,7757.5,38,NQ.v.0
2019-06-21 02:38:00+00:00,33,1,36742,7757.5,7757.5,7756.0,7756.0,33,NQ.v.0
2019-06-21 02:39:00+00:00,33,1,36742,7756.25,7756.5,7755.75,7756.0,14,NQ.v.0
2019-06-21 02:40:00+00:00,33,1,36742,7756.0,7756.0,7754.0,7754.5,41,NQ.v.0
2019-06-21 02:41:00+00:00,33,1,36742,7754.5,7754.5,7751.5,7752.25,110,NQ.v.0
2019-06-21 02:42:00+00:00,33,1,36742,7752.25,7752.5,7750.5,7751.75,97,NQ.v.0
2019-06-21 02:43:00+00:00,33,1,36742,7751.5,7751.75,7749.25,7749.75,116,NQ.v.0
2019-06-21 02:44:00+00:00,33,1,36742,7749.25,7749.75,7748.0,7749.75,105,NQ.v.0
2019-06-21 02:45:00+00:00,33,1,36742,7749.0,7749.75,7747.75,7749.0,72,NQ.v.0
2019-06-21 02:46:00+00:00,33,1,36742,7748.25,7748.75,7745.75,7747.0,195,NQ.v.0
2019-06-21 02:47:00+00:00,33,1,36742,7746.75,7747.75,7745.5,7746.75,120,NQ.v.0
2019-06-21 02:48:00+00:00,33,1,36742,7746.75,7748.5,7746.25,7748.25,62,NQ.v.0
2019-06-21 02:49:00+00:00,33,1,36742,7748.25,7748.5,7747.5,7747.75,37,NQ.v.0
2019-06-21 02:50:00+00:00,33,1,36742,7747.5,7747.5,7745.75,7746.0,112,NQ.v.0
2019-06-21 02:51:00+00:00,33,1,36742,7746.25,7746.5,7744.0,7744.75,207,NQ.v.0
2019-06-21 02:52:00+00:00,33,1,36742,7745.0,7747.25,7744.75,7747.25,70,NQ.v.0
2019-06-21 02:53:00+00:00,33,1,36742,7747.25,7748.0,7746.25,7747.5,179,NQ.v.0
2019-06-21 02:54:00+00:00,33,1,36742,7747.25,7747.75,7747.0,7747.5,362,NQ.v.0
2019-06-21 02:55:00+00:00,33,1,36742,7747.5,7748.75,7746.5,7746.5,87,NQ.v.0
2019-06-21 02:56:00+00:00,33,1,36742,7746.75,7748.0,7746.25,7748.0,22,NQ.v.0
2019-06-21 02:57:00+00:00,33,1,36742,7748.0,7749.25,7747.75,7749.25,63,NQ.v.0
2019-06-21 02:58:00+00:00,33,1,36742,7748.75,7749.25,7748.0,7748.0,69,NQ.v.0
2019-06-21 02:59:00+00:00,33,1,36742,7748.25,7748.25,7747.0,7747.5,77,NQ.v.0
2019-06-21 03:00:00+00:00,33,1,36742,7747.5,7747.5,7746.25,7747.0,37,NQ.v.0
2019-06-21 03:01:00+00:00,33,1,36742,7747.25,7747.75,7746.5,7746.75,33,NQ.v.0
2019-06-21 03:02:00+00:00,33,1,36742,7747.0,7747.0,7746.0,7746.75,32,NQ.v.0
2019-06-21 03:03:00+00:00,33,1,36742,7747.25,7749.75,7746.5,7748.75,110,NQ.v.0
2019-06-21 03:04:00+00:00,33,1,36742,7748.5,7748.5,7746.25,7746.25,23,NQ.v.0
2019-06-21 03:05:00+00:00,33,1,36742,7746.0,7746.75,7745.75,7746.25,40,NQ.v.0
2019-06-21 03:06:00+00:00,33,1,36742,7746.5,7747.5,7746.5,7746.5,40,NQ.v.0
2019-06-21 03:07:00+00:00,33,1,36742,7746.25,7748.0,7746.0,7748.0,64,NQ.v.0
2019-06-21 03:08:00+00:00,33,1,36742,7747.75,7748.0,7746.25,7746.75,35,NQ.v.0
2019-06-21 03:09:00+00:00,33,1,36742,7747.0,7747.75,7744.75,7744.75,172,NQ.v.0
2019-06-21 03:10:00+00:00,33,1,36742,7744.75,7745.25,7744.0,7744.5,42,NQ.v.0
2019-06-21 03:11:00+00:00,33,1,36742,7744.75,7744.75,7744.0,7744.0,61,NQ.v.0
2019-06-21 03:12:00+00:00,33,1,36742,7744.0,7744.25,7742.5,7743.75,121,NQ.v.0
2019-06-21 03:13:00+00:00,33,1,36742,7743.25,7744.75,7743.25,7744.25,43,NQ.v.0
2019-06-21 03:14:00+00:00,33,1,36742,7744.25,7745.5,7744.25,7745.25,35,NQ.v.0
2019-06-21 03:15:00+00:00,33,1,36742,7745.25,7745.75,7744.75,7745.5,34,NQ.v.0
2019-06-21 03:16:00+00:00,33,1,36742,7745.25,7745.25,7741.75,7742.0,177,NQ.v.0
2019-06-21 03:17:00+00:00,33,1,36742,7742.0,7744.75,7741.0,7744.25,108,NQ.v.0
2019-06-21 03:18:00+00:00,33,1,36742,7743.75,7745.0,7743.5,7744.0,61,NQ.v.0
2019-06-21 03:19:00+00:00,33,1,36742,7743.5,7745.0,7743.25,7744.0,37,NQ.v.0
2019-06-21 03:20:00+00:00,33,1,36742,7744.75,7745.25,7744.0,7744.5,34,NQ.v.0
2019-06-21 03:21:00+00:00,33,1,36742,7744.25,7744.25,7741.75,7742.0,87,NQ.v.0
2019-06-21 03:22:00+00:00,33,1,36742,7742.25,7743.25,7741.25,7741.5,77,NQ.v.0
2019-06-21 03:23:00+00:00,33,1,36742,7741.25,7741.25,7739.25,7739.75,228,NQ.v.0
2019-06-21 03:24:00+00:00,33,1,36742,7739.75,7740.0,7739.0,7739.25,55,NQ.v.0
2019-06-21 03:25:00+00:00,33,1,36742,7739.25,7740.25,7738.25,7738.5,123,NQ.v.0
2019-06-21 03:26:00+00:00,33,1,36742,7738.5,7740.5,7738.0,7739.75,154,NQ.v.0
2019-06-21 03:27:00+00:00,33,1,36742,7740.0,7740.25,7738.75,7739.25,107,NQ.v.0
2019-06-21 03:28:00+00:00,33,1,36742,7739.25,7739.5,7738.0,7739.0,104,NQ.v.0
2019-06-21 03:29:00+00:00,33,1,36742,7739.0,7739.0,7736.75,7738.0,131,NQ.v.0
2019-06-21 03:30:00+00:00,33,1,36742,7738.25,7738.75,7737.5,7738.25,77,NQ.v.0
2019-06-21 03:31:00+00:00,33,1,36742,7738.25,7738.75,7737.5,7738.5,52,NQ.v.0
2019-06-21 03:32:00+00:00,33,1,36742,7738.5,7740.25,7738.5,7739.5,120,NQ.v.0
2019-06-21 03:33:00+00:00,33,1,36742,7739.75,7739.75,7736.25,7737.75,96,NQ.v.0
2019-06-21 03:34:00+00:00,33,1,36742,7737.75,7738.25,7735.75,7738.25,123,NQ.v.0
2019-06-21 03:35:00+00:00,33,1,36742,7738.0,7738.75,7737.25,7738.25,70,NQ.v.0
2019-06-21 03:36:00+00:00,33,1,36742,7738.5,7739.0,7738.5,7739.0,32,NQ.v.0
2019-06-21 03:37:00+00:00,33,1,36742,7739.0,7740.25,7738.75,7739.5,44,NQ.v.0
2019-06-21 03:38:00+00:00,33,1,36742,7739.5,7740.0,7739.5,7740.0,18,NQ.v.0
2019-06-21 03:39:00+00:00,33,1,36742,7740.25,7741.0,7738.75,7739.25,84,NQ.v.0
2019-06-21 03:40:00+00:00,33,1,36742,7739.25,7740.0,7738.75,7739.0,24,NQ.v.0
2019-06-21 03:41:00+00:00,33,1,36742,7739.25,7740.25,7739.25,7740.25,15,NQ.v.0
2019-06-21 03:42:00+00:00,33,1,36742,7740.0,7740.0,7739.0,7739.75,18,NQ.v.0
2019-06-21 03:43:00+00:00,33,1,36742,7739.75,7741.0,7739.75,7740.5,41,NQ.v.0
2019-06-21 03:44:00+00:00,33,1,36742,7740.25,7740.5,7739.75,7740.25,32,NQ.v.0
2019-06-21 03:45:00+00:00,33,1,36742,7740.25,7741.0,7740.25,7741.0,27,NQ.v.0
2019-06-21 03:46:00+00:00,33,1,36742,7740.75,7742.0,7740.25,7741.5,69,NQ.v.0
2019-06-21 03:47:00+00:00,33,1,36742,7741.25,7741.5,7740.75,7741.25,49,NQ.v.0
2019-06-21 03:48:00+00:00,33,1,36742,7741.5,7741.5,7741.0,7741.25,22,NQ.v.0
2019-06-21 03:49:00+00:00,33,1,36742,7741.75,7741.75,7740.75,7741.0,40,NQ.v.0
2019-06-21 03:50:00+00:00,33,1,36742,7741.0,7741.25,7740.0,7740.25,36,NQ.v.0
2019-06-21 03:51:00+00:00,33,1,36742,7740.25,7740.75,7739.5,7740.5,86,NQ.v.0
2019-06-21 03:52:00+00:00,33,1,36742,7740.25,7740.5,7739.75,7740.0,35,NQ.v.0
2019-06-21 03:53:00+00:00,33,1,36742,7740.25,7740.25,7739.75,7739.75,14,NQ.v.0
2019-06-21 03:54:00+00:00,33,1,36742,7740.0,7740.5,7740.0,7740.5,12,NQ.v.0
2019-06-21 03:55:00+00:00,33,1,36742,7740.25,7740.5,7740.0,7740.25,36,NQ.v.0
2019-06-21 03:56:00+00:00,33,1,36742,7740.25,7742.5,7739.75,7742.5,95,NQ.v.0
2019-06-21 03:57:00+00:00,33,1,36742,7742.75,7743.75,7742.25,7742.5,194,NQ.v.0
2019-06-21 03:58:00+00:00,33,1,36742,7742.25,7742.75,7742.25,7742.75,26,NQ.v.0
2019-06-21 03:59:00+00:00,33,1,36742,7742.75,7742.75,7742.0,7742.5,48,NQ.v.0
2019-06-21 04:00:00+00:00,33,1,36742,7742.25,7744.75,7742.25,7744.5,81,NQ.v.0
2019-06-21 04:01:00+00:00,33,1,36742,7744.0,7744.0,7743.25,7743.25,37,NQ.v.0
2019-06-21 04:02:00+00:00,33,1,36742,7743.5,7743.75,7743.25,7743.5,13,NQ.v.0
2019-06-21 04:03:00+00:00,33,1,36742,7743.25,7743.25,7742.5,7743.0,34,NQ.v.0
2019-06-21 04:04:00+00:00,33,1,36742,7742.75,7742.75,7742.25,7742.5,14,NQ.v.0
2019-06-21 04:05:00+00:00,33,1,36742,7742.25,7742.25,7740.25,7741.25,97,NQ.v.0
2019-06-21 04:06:00+00:00,33,1,36742,7741.25,7741.5,7740.75,7741.25,29,NQ.v.0
2019-06-21 04:07:00+00:00,33,1,36742,7740.5,7741.25,7740.25,7740.75,74,NQ.v.0
2019-06-21 04:08:00+00:00,33,1,36742,7740.75,7741.0,7740.25,7741.0,22,NQ.v.0
2019-06-21 04:09:00+00:00,33,1,36742,7740.75,7741.0,7740.5,7740.75,9,NQ.v.0
2019-06-21 04:10:00+00:00,33,1,36742,7740.75,7741.0,7740.75,7741.0,11,NQ.v.0
2019-06-21 04:11:00+00:00,33,1,36742,7741.0,7742.75,7741.0,7742.0,43,NQ.v.0
2019-06-21 04:12:00+00:00,33,1,36742,7742.25,7742.25,7741.75,7742.0,12,NQ.v.0
2019-06-21 04:13:00+00:00,33,1,36742,7742.25,7742.25,7740.75,7741.5,29,NQ.v.0
2019-06-21 04:14:00+00:00,33,1,36742,7741.5,7741.5,7740.5,7740.5,25,NQ.v.0
2019-06-21 04:15:00+00:00,33,1,36742,7740.25,7740.75,7740.25,7740.75,21,NQ.v.0
2019-06-21 04:16:00+00:00,33,1,36742,7740.75,7740.75,7739.5,7739.75,69,NQ.v.0
2019-06-21 04:17:00+00:00,33,1,36742,7739.75,7739.75,7739.5,7739.5,18,NQ.v.0
2019-06-21 04:18:00+00:00,33,1,36742,7739.5,7739.75,7738.75,7739.25,47,NQ.v.0
2019-06-21 04:19:00+00:00,33,1,36742,7739.25,7740.25,7739.0,7740.0,21,NQ.v.0
2019-06-21 04:20:00+00:00,33,1,36742,7739.75,7741.25,7739.75,7741.0,31,NQ.v.0
2019-06-21 04:21:00+00:00,33,1,36742,7741.25,7741.25,7740.75,7740.75,45,NQ.v.0
2019-06-21 04:22:00+00:00,33,1,36742,7740.25,7740.5,7738.75,7739.5,48,NQ.v.0
2019-06-21 04:23:00+00:00,33,1,36742,7739.5,7739.75,7739.0,7739.0,43,NQ.v.0
2019-06-21 04:24:00+00:00,33,1,36742,7739.0,7739.25,7739.0,7739.0,12,NQ.v.0
2019-06-21 04:25:00+00:00,33,1,36742,7739.25,7739.5,7739.0,7739.0,36,NQ.v.0
2019-06-21 04:26:00+00:00,33,1,36742,7739.0,7739.5,7739.0,7739.5,7,NQ.v.0
2019-06-21 04:27:00+00:00,33,1,36742,7739.5,7740.0,7739.5,7739.5,52,NQ.v.0
2019-06-21 04:28:00+00:00,33,1,36742,7739.25,7739.25,7738.25,7739.0,42,NQ.v.0
2019-06-21 04:29:00+00:00,33,1,36742,7738.75,7739.5,7738.75,7738.75,15,NQ.v.0
2019-06-21 04:30:00+00:00,33,1,36742,7738.75,7739.25,7738.25,7739.0,25,NQ.v.0
2019-06-21 04:31:00+00:00,33,1,36742,7739.0,7739.25,7738.75,7738.75,17,NQ.v.0
2019-06-21 04:32:00+00:00,33,1,36742,7738.75,7739.0,7735.5,7736.5,205,NQ.v.0
2019-06-21 04:33:00+00:00,33,1,36742,7736.25,7737.25,7735.25,7737.25,55,NQ.v.0
2019-06-21 04:34:00+00:00,33,1,36742,7737.5,7738.0,7737.0,7737.5,38,NQ.v.0
2019-06-21 04:35:00+00:00,33,1,36742,7737.5,7738.0,7735.75,7736.75,75,NQ.v.0
2019-06-21 04:36:00+00:00,33,1,36742,7736.25,7736.5,7734.75,7734.75,71,NQ.v.0
2019-06-21 04:37:00+00:00,33,1,36742,7734.75,7736.5,7733.5,7735.75,120,NQ.v.0
2019-06-21 04:38:00+00:00,33,1,36742,7735.75,7736.5,7735.75,7736.5,23,NQ.v.0
2019-06-21 04:39:00+00:00,33,1,36742,7736.25,7737.25,7736.0,7737.25,22,NQ.v.0
2019-06-21 04:40:00+00:00,33,1,36742,7737.25,7737.25,7736.75,7737.0,19,NQ.v.0
2019-06-21 04:41:00+00:00,33,1,36742,7737.0,7738.5,7737.0,7738.25,34,NQ.v.0
2019-06-21 04:42:00+00:00,33,1,36742,7738.25,7739.0,7738.25,7738.25,29,NQ.v.0
2019-06-21 04:43:00+00:00,33,1,36742,7738.0,7738.0,7737.5,7737.75,19,NQ.v.0
2019-06-21 04:44:00+00:00,33,1,36742,7738.0,7739.25,7737.75,7739.25,35,NQ.v.0
2019-06-21 04:45:00+00:00,33,1,36742,7739.0,7739.25,7738.0,7739.25,34,NQ.v.0
2019-06-21 04:46:00+00:00,33,1,36742,7739.25,7740.0,7739.0,7739.5,12,NQ.v.0
2019-06-21 04:47:00+00:00,33,1,36742,7738.75,7739.0,7738.5,7739.0,18,NQ.v.0
2019-06-21 04:48:00+00:00,33,1,36742,7739.0,7739.5,7738.75,7738.75,19,NQ.v.0
2019-06-21 04:49:00+00:00,33,1,36742,7738.75,7739.25,7738.75,7738.75,11,NQ.v.0
2019-06-21 04:50:00+00:00,33,1,36742,7739.0,7740.0,7739.0,7739.25,18,NQ.v.0
2019-06-21 04:51:00+00:00,33,1,36742,7739.0,7739.0,7737.75,7738.0,18,NQ.v.0
2019-06-21 04:52:00+00:00,33,1,36742,7738.25,7738.75,7738.25,7738.75,23,NQ.v.0
2019-06-21 04:53:00+00:00,33,1,36742,7738.75,7738.75,7738.0,7738.0,8,NQ.v.0
2019-06-21 04:54:00+00:00,33,1,36742,7737.75,7737.75,7736.75,7737.0,35,NQ.v.0
2019-06-21 04:55:00+00:00,33,1,36742,7737.25,7738.0,7736.25,7736.25,65,NQ.v.0
2019-06-21 04:56:00+00:00,33,1,36742,7736.5,7736.5,7734.5,7736.0,99,NQ.v.0
2019-06-21 04:57:00+00:00,33,1,36742,7736.0,7736.0,7735.25,7735.75,21,NQ.v.0
2019-06-21 04:58:00+00:00,33,1,36742,7735.75,7736.25,7734.5,7734.75,43,NQ.v.0
2019-06-21 04:59:00+00:00,33,1,36742,7735.0,7735.0,7733.75,7735.0,63,NQ.v.0
2019-06-21 05:00:00+00:00,33,1,36742,7735.5,7736.25,7734.5,7734.5,68,NQ.v.0
2019-06-21 05:01:00+00:00,33,1,36742,7734.25,7734.5,7733.25,7734.25,78,NQ.v.0
2019-06-21 05:02:00+00:00,33,1,36742,7734.0,7734.75,7731.75,7732.25,104,NQ.v.0
2019-06-21 05:03:00+00:00,33,1,36742,7732.25,7734.25,7732.0,7734.25,38,NQ.v.0
2019-06-21 05:04:00+00:00,33,1,36742,7734.25,7734.5,7734.0,7734.0,12,NQ.v.0
2019-06-21 05:05:00+00:00,33,1,36742,7734.25,7735.5,7734.0,7734.5,61,NQ.v.0
2019-06-21 05:06:00+00:00,33,1,36742,7734.25,7735.0,7734.25,7735.0,26,NQ.v.0
2019-06-21 05:07:00+00:00,33,1,36742,7735.0,7735.0,7733.0,7733.0,24,NQ.v.0
2019-06-21 05:08:00+00:00,33,1,36742,7733.5,7734.5,7733.5,7734.5,31,NQ.v.0
2019-06-21 05:09:00+00:00,33,1,36742,7734.0,7734.0,7733.5,7733.5,12,NQ.v.0
2019-06-21 05:10:00+00:00,33,1,36742,7733.25,7733.5,7731.75,7732.25,82,NQ.v.0
2019-06-21 05:11:00+00:00,33,1,36742,7732.0,7732.5,7728.75,7730.5,179,NQ.v.0
2019-06-21 05:12:00+00:00,33,1,36742,7730.75,7731.25,7730.25,7730.25,79,NQ.v.0
2019-06-21 05:13:00+00:00,33,1,36742,7730.5,7731.5,7728.5,7728.5,84,NQ.v.0
2019-06-21 05:14:00+00:00,33,1,36742,7728.5,7728.5,7726.75,7728.5,255,NQ.v.0
2019-06-21 05:15:00+00:00,33,1,36742,7728.5,7732.25,7728.5,7730.75,199,NQ.v.0
2019-06-21 05:16:00+00:00,33,1,36742,7731.0,7731.5,7730.75,7731.0,32,NQ.v.0
2019-06-21 05:17:00+00:00,33,1,36742,7730.5,7731.0,7729.5,7729.75,60,NQ.v.0
2019-06-21 05:18:00+00:00,33,1,36742,7730.0,7730.0,7729.0,7729.5,32,NQ.v.0
2019-06-21 05:19:00+00:00,33,1,36742,7729.25,7729.5,7727.25,7727.75,112,NQ.v.0
2019-06-21 05:20:00+00:00,33,1,36742,7728.0,7731.0,7727.75,7729.5,340,NQ.v.0
2019-06-21 05:21:00+00:00,33,1,36742,7729.0,7729.0,7727.75,7728.75,53,NQ.v.0
2019-06-21 05:22:00+00:00,33,1,36742,7728.5,7729.5,7728.25,7728.75,52,NQ.v.0
2019-06-21 05:23:00+00:00,33,1,36742,7728.5,7729.0,7727.75,7727.75,49,NQ.v.0
2019-06-21 05:24:00+00:00,33,1,36742,7728.25,7728.5,7727.0,7727.25,50,NQ.v.0
2019-06-21 05:25:00+00:00,33,1,36742,7727.0,7728.0,7726.0,7726.25,94,NQ.v.0
2019-06-21 05:26:00+00:00,33,1,36742,7726.5,7726.75,7726.0,7726.75,38,NQ.v.0
2019-06-21 05:27:00+00:00,33,1,36742,7726.75,7728.0,7726.75,7727.25,50,NQ.v.0
2019-06-21 05:28:00+00:00,33,1,36742,7727.25,7727.25,7726.5,7727.25,40,NQ.v.0
2019-06-21 05:29:00+00:00,33,1,36742,7727.25,7727.75,7727.0,7727.5,43,NQ.v.0
2019-06-21 05:30:00+00:00,33,1,36742,7727.5,7727.75,7726.75,7727.75,64,NQ.v.0
2019-06-21 05:31:00+00:00,33,1,36742,7728.0,7728.75,7727.25,7728.25,47,NQ.v.0
2019-06-21 05:32:00+00:00,33,1,36742,7728.25,7729.0,7727.75,7729.0,73,NQ.v.0
2019-06-21 05:33:00+00:00,33,1,36742,7729.0,7729.0,7727.75,7728.5,67,NQ.v.0
2019-06-21 05:34:00+00:00,33,1,36742,7728.75,7729.0,7728.25,7728.25,24,NQ.v.0
2019-06-21 05:35:00+00:00,33,1,36742,7728.5,7728.5,7728.0,7728.25,21,NQ.v.0
2019-06-21 05:36:00+00:00,33,1,36742,7728.5,7729.25,7728.0,7729.0,84,NQ.v.0
2019-06-21 05:37:00+00:00,33,1,36742,7729.0,7729.75,7728.25,7729.5,108,NQ.v.0
2019-06-21 05:38:00+00:00,33,1,36742,7729.5,7729.75,7728.5,7729.25,49,NQ.v.0
2019-06-21 05:39:00+00:00,33,1,36742,7729.75,7730.75,7729.75,7730.5,67,NQ.v.0
2019-06-21 05:40:00+00:00,33,1,36742,7730.25,7730.75,7730.0,7730.5,25,NQ.v.0
2019-06-21 05:41:00+00:00,33,1,36742,7730.5,7730.5,7729.5,7730.25,61,NQ.v.0
2019-06-21 05:42:00+00:00,33,1,36742,7730.25,7731.0,7729.25,7729.5,47,NQ.v.0
2019-06-21 05:43:00+00:00,33,1,36742,7729.25,7730.0,7728.75,7729.5,83,NQ.v.0
2019-06-21 05:44:00+00:00,33,1,36742,7729.25,7729.25,7728.5,7728.75,26,NQ.v.0
2019-06-21 05:45:00+00:00,33,1,36742,7729.0,7729.75,7728.75,7729.5,34,NQ.v.0
2019-06-21 05:46:00+00:00,33,1,36742,7730.0,7731.5,7730.0,7731.5,44,NQ.v.0
2019-06-21 05:47:00+00:00,33,1,36742,7731.5,7732.75,7731.5,7732.25,62,NQ.v.0
2019-06-21 05:48:00+00:00,33,1,36742,7732.75,7733.25,7732.25,7733.25,132,NQ.v.0
2019-06-21 05:49:00+00:00,33,1,36742,7733.25,7733.5,7731.75,7732.0,57,NQ.v.0
2019-06-21 05:50:00+00:00,33,1,36742,7731.5,7731.75,7731.0,7731.0,41,NQ.v.0
2019-06-21 05:51:00+00:00,33,1,36742,7731.25,7732.25,7731.25,7732.0,41,NQ.v.0
2019-06-21 05:52:00+00:00,33,1,36742,7732.0,7732.75,7731.75,7732.75,28,NQ.v.0
2019-06-21 05:53:00+00:00,33,1,36742,7732.75,7733.75,7732.75,7733.75,71,NQ.v.0
2019-06-21 05:54:00+00:00,33,1,36742,7733.75,7734.25,7733.25,7734.0,131,NQ.v.0
2019-06-21 05:55:00+00:00,33,1,36742,7734.0,7735.5,7734.0,7735.0,140,NQ.v.0
2019-06-21 05:56:00+00:00,33,1,36742,7734.75,7735.0,7734.0,7734.0,23,NQ.v.0
2019-06-21 05:57:00+00:00,33,1,36742,7734.25,7734.75,7734.25,7734.5,27,NQ.v.0
2019-06-21 05:58:00+00:00,33,1,36742,7734.25,7734.75,7733.5,7734.0,36,NQ.v.0
2019-06-21 05:59:00+00:00,33,1,36742,7734.0,7735.75,7733.5,7735.0,95,NQ.v.0
2019-06-21 06:00:00+00:00,33,1,36742,7735.0,7736.75,7733.75,7736.25,189,NQ.v.0
2019-06-21 06:01:00+00:00,33,1,36742,7736.0,7736.75,7733.0,7736.0,305,NQ.v.0
2019-06-21 06:02:00+00:00,33,1,36742,7736.0,7736.0,7733.5,7734.25,60,NQ.v.0
2019-06-21 06:03:00+00:00,33,1,36742,7733.75,7735.5,7733.5,7734.5,106,NQ.v.0
2019-06-21 06:04:00+00:00,33,1,36742,7734.75,7734.75,7733.25,7733.5,126,NQ.v.0
2019-06-21 06:05:00+00:00,33,1,36742,7733.25,7734.0,7732.75,7733.75,69,NQ.v.0
2019-06-21 06:06:00+00:00,33,1,36742,7733.75,7734.0,7732.75,7733.75,105,NQ.v.0
2019-06-21 06:07:00+00:00,33,1,36742,7734.0,7734.0,7732.5,7733.5,41,NQ.v.0
2019-06-21 06:08:00+00:00,33,1,36742,7733.5,7734.0,7733.25,7733.25,65,NQ.v.0
2019-06-21 06:09:00+00:00,33,1,36742,7733.25,7734.5,7733.25,7734.25,68,NQ.v.0
2019-06-21 06:10:00+00:00,33,1,36742,7734.25,7734.75,7733.5,7733.5,76,NQ.v.0
2019-06-21 06:11:00+00:00,33,1,36742,7733.5,7734.25,7733.0,7733.25,79,NQ.v.0
2019-06-21 06:12:00+00:00,33,1,36742,7733.0,7733.75,7732.75,7733.75,113,NQ.v.0
2019-06-21 06:13:00+00:00,33,1,36742,7733.75,7734.5,7733.5,7733.75,34,NQ.v.0
2019-06-21 06:14:00+00:00,33,1,36742,7733.0,7733.25,7732.25,7732.5,32,NQ.v.0
2019-06-21 06:15:00+00:00,33,1,36742,7732.5,7734.75,7731.5,7734.5,140,NQ.v.0
2019-06-21 06:16:00+00:00,33,1,36742,7734.75,7735.5,7734.5,7735.25,57,NQ.v.0
2019-06-21 06:17:00+00:00,33,1,36742,7735.0,7736.25,7735.0,7736.0,82,NQ.v.0
2019-06-21 06:18:00+00:00,33,1,36742,7736.5,7743.0,7736.25,7741.5,408,NQ.v.0
2019-06-21 06:19:00+00:00,33,1,36742,7741.25,7742.75,7740.0,7740.75,132,NQ.v.0
2019-06-21 06:20:00+00:00,33,1,36742,7740.75,7741.25,7740.0,7740.5,156,NQ.v.0
2019-06-21 06:21:00+00:00,33,1,36742,7740.25,7741.25,7740.25,7740.5,69,NQ.v.0
2019-06-21 06:22:00+00:00,33,1,36742,7740.5,7742.5,7740.5,7742.25,63,NQ.v.0
2019-06-21 06:23:00+00:00,33,1,36742,7742.5,7744.5,7742.0,7744.0,97,NQ.v.0
2019-06-21 06:24:00+00:00,33,1,36742,7744.0,7746.5,7743.75,7745.25,255,NQ.v.0
2019-06-21 06:25:00+00:00,33,1,36742,7745.25,7745.5,7743.75,7744.5,147,NQ.v.0
2019-06-21 06:26:00+00:00,33,1,36742,7744.5,7745.25,7744.25,7745.0,67,NQ.v.0
2019-06-21 06:27:00+00:00,33,1,36742,7744.75,7745.5,7744.75,7745.25,59,NQ.v.0
2019-06-21 06:28:00+00:00,33,1,36742,7745.0,7745.5,7745.0,7745.25,49,NQ.v.0
2019-06-21 06:29:00+00:00,33,1,36742,7745.0,7747.5,7745.0,7747.0,100,NQ.v.0
2019-06-21 06:30:00+00:00,33,1,36742,7746.75,7747.25,7745.75,7746.25,117,NQ.v.0
2019-06-21 06:31:00+00:00,33,1,36742,7746.25,7746.25,7744.0,7744.0,89,NQ.v.0
2019-06-21 06:32:00+00:00,33,1,36742,7744.5,7744.75,7743.25,7743.25,46,NQ.v.0
2019-06-21 06:33:00+00:00,33,1,36742,7743.25,7745.0,7743.25,7744.5,45,NQ.v.0
2019-06-21 06:34:00+00:00,33,1,36742,7744.0,7744.25,7743.5,7744.25,50,NQ.v.0
2019-06-21 06:35:00+00:00,33,1,36742,7744.25,7745.5,7744.0,7745.5,86,NQ.v.0
2019-06-21 06:36:00+00:00,33,1,36742,7745.5,7747.75,7745.5,7747.5,98,NQ.v.0
2019-06-21 06:37:00+00:00,33,1,36742,7747.5,7749.0,7747.5,7748.75,133,NQ.v.0
2019-06-21 06:38:00+00:00,33,1,36742,7748.5,7748.75,7747.25,7748.25,85,NQ.v.0
2019-06-21 06:39:00+00:00,33,1,36742,7748.25,7749.0,7747.5,7747.5,139,NQ.v.0
2019-06-21 06:40:00+00:00,33,1,36742,7747.5,7749.0,7747.5,7748.75,66,NQ.v.0
2019-06-21 06:41:00+00:00,33,1,36742,7748.75,7751.5,7748.75,7751.5,243,NQ.v.0
2019-06-21 06:42:00+00:00,33,1,36742,7751.25,7755.0,7749.75,7755.0,306,NQ.v.0
2019-06-21 06:43:00+00:00,33,1,36742,7754.5,7754.75,7751.75,7752.0,139,NQ.v.0
2019-06-21 06:44:00+00:00,33,1,36742,7751.75,7753.0,7750.75,7752.0,135,NQ.v.0
2019-06-21 06:45:00+00:00,33,1,36742,7751.75,7751.75,7751.0,7751.75,65,NQ.v.0
2019-06-21 06:46:00+00:00,33,1,36742,7751.5,7752.0,7751.0,7751.75,29,NQ.v.0
2019-06-21 06:47:00+00:00,33,1,36742,7751.75,7753.0,7751.75,7752.25,78,NQ.v.0
2019-06-21 06:48:00+00:00,33,1,36742,7752.5,7753.0,7752.25,7752.5,37,NQ.v.0
2019-06-21 06:49:00+00:00,33,1,36742,7752.75,7753.75,7752.0,7752.0,120,NQ.v.0
2019-06-21 06:50:00+00:00,33,1,36742,7751.75,7752.25,7751.75,7752.0,46,NQ.v.0
2019-06-21 06:51:00+00:00,33,1,36742,7751.5,7753.0,7751.0,7752.25,50,NQ.v.0
2019-06-21 06:52:00+00:00,33,1,36742,7752.0,7752.5,7752.0,7752.5,19,NQ.v.0
2019-06-21 06:53:00+00:00,33,1,36742,7752.25,7753.0,7752.0,7753.0,30,NQ.v.0
2019-06-21 06:54:00+00:00,33,1,36742,7752.75,7752.75,7751.5,7751.75,39,NQ.v.0
2019-06-21 06:55:00+00:00,33,1,36742,7752.0,7753.5,7751.75,7753.0,102,NQ.v.0
2019-06-21 06:56:00+00:00,33,1,36742,7752.75,7753.0,7749.75,7750.25,90,NQ.v.0
2019-06-21 06:57:00+00:00,33,1,36742,7750.5,7751.75,7750.5,7751.0,35,NQ.v.0
2019-06-21 06:58:00+00:00,33,1,36742,7750.5,7750.5,7749.5,7749.5,46,NQ.v.0
2019-06-21 06:59:00+00:00,33,1,36742,7749.5,7752.5,7749.5,7751.75,75,NQ.v.0
2019-06-21 07:00:00+00:00,33,1,36742,7752.0,7754.5,7751.75,7753.5,182,NQ.v.0
2019-06-21 07:01:00+00:00,33,1,36742,7753.25,7753.25,7748.25,7748.75,173,NQ.v.0
2019-06-21 07:02:00+00:00,33,1,36742,7749.0,7749.25,7748.25,7748.75,95,NQ.v.0
2019-06-21 07:03:00+00:00,33,1,36742,7749.0,7751.75,7748.25,7751.5,152,NQ.v.0
2019-06-21 07:04:00+00:00,33,1,36742,7751.25,7752.0,7749.5,7751.0,170,NQ.v.0
2019-06-21 07:05:00+00:00,33,1,36742,7750.75,7752.75,7750.0,7752.5,81,NQ.v.0
2019-06-21 07:06:00+00:00,33,1,36742,7752.25,7753.5,7751.25,7751.25,158,NQ.v.0
2019-06-21 07:07:00+00:00,33,1,36742,7751.25,7753.75,7750.75,7752.75,76,NQ.v.0
2019-06-21 07:08:00+00:00,33,1,36742,7752.5,7752.5,7750.5,7750.5,72,NQ.v.0
2019-06-21 07:09:00+00:00,33,1,36742,7750.25,7751.5,7749.5,7751.5,81,NQ.v.0
2019-06-21 07:10:00+00:00,33,1,36742,7751.75,7751.75,7748.75,7749.0,80,NQ.v.0
2019-06-21 07:11:00+00:00,33,1,36742,7749.0,7750.5,7746.25,7750.0,298,NQ.v.0
2019-06-21 07:12:00+00:00,33,1,36742,7749.75,7751.0,7749.5,7750.5,65,NQ.v.0
2019-06-21 07:13:00+00:00,33,1,36742,7750.25,7750.5,7747.0,7747.75,82,NQ.v.0
2019-06-21 07:14:00+00:00,33,1,36742,7747.25,7747.75,7745.5,7746.25,100,NQ.v.0
2019-06-21 07:15:00+00:00,33,1,36742,7746.5,7753.5,7746.5,7753.25,410,NQ.v.0
2019-06-21 07:16:00+00:00,33,1,36742,7753.5,7757.5,7752.75,7756.5,328,NQ.v.0
2019-06-21 07:17:00+00:00,33,1,36742,7756.25,7757.75,7754.5,7755.25,207,NQ.v.0
2019-06-21 07:18:00+00:00,33,1,36742,7755.5,7757.0,7754.0,7754.75,129,NQ.v.0
2019-06-21 07:19:00+00:00,33,1,36742,7755.0,7755.0,7752.75,7752.75,69,NQ.v.0
2019-06-21 07:20:00+00:00,33,1,36742,7753.0,7753.0,7751.0,7752.0,104,NQ.v.0
2019-06-21 07:21:00+00:00,33,1,36742,7751.75,7754.75,7751.75,7753.75,126,NQ.v.0
2019-06-21 07:22:00+00:00,33,1,36742,7753.5,7753.5,7751.0,7752.5,93,NQ.v.0
2019-06-21 07:23:00+00:00,33,1,36742,7752.75,7752.75,7750.25,7750.25,46,NQ.v.0
2019-06-21 07:24:00+00:00,33,1,36742,7750.25,7751.75,7749.5,7751.75,81,NQ.v.0
2019-06-21 07:25:00+00:00,33,1,36742,7752.25,7753.75,7751.5,7753.75,78,NQ.v.0
2019-06-21 07:26:00+00:00,33,1,36742,7753.5,7756.75,7753.0,7756.0,150,NQ.v.0
2019-06-21 07:27:00+00:00,33,1,36742,7756.0,7756.25,7754.5,7754.5,35,NQ.v.0
2019-06-21 07:28:00+00:00,33,1,36742,7754.25,7755.25,7753.75,7755.0,54,NQ.v.0
2019-06-21 07:29:00+00:00,33,1,36742,7755.0,7755.0,7753.0,7753.25,53,NQ.v.0
2019-06-21 07:30:00+00:00,33,1,36742,7753.5,7759.0,7753.5,7757.5,217,NQ.v.0
2019-06-21 07:31:00+00:00,33,1,36742,7757.0,7759.0,7755.75,7758.0,144,NQ.v.0
2019-06-21 07:32:00+00:00,33,1,36742,7757.5,7760.25,7756.75,7760.0,280,NQ.v.0
2019-06-21 07:33:00+00:00,33,1,36742,7759.75,7761.75,7759.75,7760.0,174,NQ.v.0
2019-06-21 07:34:00+00:00,33,1,36742,7760.0,7763.75,7760.0,7761.25,174,NQ.v.0
2019-06-21 07:35:00+00:00,33,1,36742,7760.5,7763.5,7760.5,7763.25,114,NQ.v.0
2019-06-21 07:36:00+00:00,33,1,36742,7763.25,7764.0,7761.25,7762.25,238,NQ.v.0
2019-06-21 07:37:00+00:00,33,1,36742,7762.0,7762.0,7757.5,7758.0,150,NQ.v.0
2019-06-21 07:38:00+00:00,33,1,36742,7758.25,7761.5,7758.0,7761.5,106,NQ.v.0
2019-06-21 07:39:00+00:00,33,1,36742,7761.5,7762.25,7760.5,7760.75,130,NQ.v.0
2019-06-21 07:40:00+00:00,33,1,36742,7760.25,7760.75,7759.5,7760.75,76,NQ.v.0
2019-06-21 07:41:00+00:00,33,1,36742,7760.75,7762.0,7760.75,7761.25,62,NQ.v.0
2019-06-21 07:42:00+00:00,33,1,36742,7761.0,7763.75,7761.0,7763.5,59,NQ.v.0
2019-06-21 07:43:00+00:00,33,1,36742,7763.0,7765.5,7762.5,7765.25,83,NQ.v.0
2019-06-21 07:44:00+00:00,33,1,36742,7765.25,7768.25,7765.0,7766.5,342,NQ.v.0
2019-06-21 07:45:00+00:00,33,1,36742,7766.25,7767.25,7764.25,7766.25,138,NQ.v.0
2019-06-21 07:46:00+00:00,33,1,36742,7766.0,7767.5,7765.0,7767.25,76,NQ.v.0
2019-06-21 07:47:00+00:00,33,1,36742,7767.5,7768.0,7766.25,7766.75,93,NQ.v.0
2019-06-21 07:48:00+00:00,33,1,36742,7766.75,7767.0,7763.25,7763.5,137,NQ.v.0
2019-06-21 07:49:00+00:00,33,1,36742,7763.25,7765.75,7763.25,7765.5,110,NQ.v.0
2019-06-21 07:50:00+00:00,33,1,36742,7765.75,7767.5,7764.75,7765.75,124,NQ.v.0
2019-06-21 07:51:00+00:00,33,1,36742,7765.5,7765.5,7763.5,7764.0,76,NQ.v.0
2019-06-21 07:52:00+00:00,33,1,36742,7763.75,7764.5,7760.5,7760.75,159,NQ.v.0
2019-06-21 07:53:00+00:00,33,1,36742,7761.0,7763.25,7760.75,7763.0,199,NQ.v.0
2019-06-21 07:54:00+00:00,33,1,36742,7763.0,7765.5,7762.5,7764.5,173,NQ.v.0
2019-06-21 07:55:00+00:00,33,1,36742,7764.0,7765.75,7763.5,7765.0,65,NQ.v.0
2019-06-21 07:56:00+00:00,33,1,36742,7765.0,7765.25,7761.0,7761.0,85,NQ.v.0
2019-06-21 07:57:00+00:00,33,1,36742,7761.0,7761.25,7759.25,7759.5,136,NQ.v.0
2019-06-21 07:58:00+00:00,33,1,36742,7759.75,7761.75,7759.75,7761.25,115,NQ.v.0
2019-06-21 07:59:00+00:00,33,1,36742,7761.0,7762.5,7760.5,7761.5,90,NQ.v.0
2019-06-21 08:00:00+00:00,33,1,36742,7761.25,7761.75,7758.75,7758.75,119,NQ.v.0
2019-06-21 08:01:00+00:00,33,1,36742,7758.5,7758.5,7756.0,7756.5,226,NQ.v.0
2019-06-21 08:02:00+00:00,33,1,36742,7756.5,7757.5,7753.25,7754.0,230,NQ.v.0
2019-06-21 08:03:00+00:00,33,1,36742,7754.5,7755.25,7748.75,7750.0,407,NQ.v.0
2019-06-21 08:04:00+00:00,33,1,36742,7750.5,7750.75,7748.25,7749.75,277,NQ.v.0
2019-06-21 08:05:00+00:00,33,1,36742,7750.0,7750.5,7749.25,7750.0,234,NQ.v.0
2019-06-21 08:06:00+00:00,33,1,36742,7749.75,7751.0,7749.0,7750.5,207,NQ.v.0
2019-06-21 08:07:00+00:00,33,1,36742,7750.5,7752.75,7750.25,7752.0,166,NQ.v.0
2019-06-21 08:08:00+00:00,33,1,36742,7752.0,7753.75,7751.75,7752.75,105,NQ.v.0
2019-06-21 08:09:00+00:00,33,1,36742,7752.75,7752.75,7750.25,7752.0,106,NQ.v.0
2019-06-21 08:10:00+00:00,33,1,36742,7752.5,7756.75,7752.25,7755.5,223,NQ.v.0
2019-06-21 08:11:00+00:00,33,1,36742,7755.5,7756.25,7753.75,7754.5,108,NQ.v.0
2019-06-21 08:12:00+00:00,33,1,36742,7754.25,7755.25,7752.5,7752.75,62,NQ.v.0
2019-06-21 08:13:00+00:00,33,1,36742,7753.0,7754.0,7752.75,7754.0,38,NQ.v.0
2019-06-21 08:14:00+00:00,33,1,36742,7754.25,7755.0,7754.0,7755.0,43,NQ.v.0
2019-06-21 08:15:00+00:00,33,1,36742,7755.25,7757.0,7754.0,7756.25,133,NQ.v.0
2019-06-21 08:16:00+00:00,33,1,36742,7756.5,7757.0,7755.0,7755.75,91,NQ.v.0
2019-06-21 08:17:00+00:00,33,1,36742,7755.5,7755.5,7752.5,7753.0,98,NQ.v.0
2019-06-21 08:18:00+00:00,33,1,36742,7753.5,7754.25,7753.25,7754.0,39,NQ.v.0
2019-06-21 08:19:00+00:00,33,1,36742,7753.25,7754.0,7753.0,7753.5,28,NQ.v.0
2019-06-21 08:20:00+00:00,33,1,36742,7753.25,7756.0,7752.75,7755.0,67,NQ.v.0
2019-06-21 08:21:00+00:00,33,1,36742,7754.75,7755.0,7752.5,7754.25,50,NQ.v.0
2019-06-21 08:22:00+00:00,33,1,36742,7754.75,7754.75,7753.5,7754.0,34,NQ.v.0
2019-06-21 08:23:00+00:00,33,1,36742,7754.0,7754.0,7750.5,7750.75,126,NQ.v.0
2019-06-21 08:24:00+00:00,33,1,36742,7750.75,7751.5,7749.75,7751.25,129,NQ.v.0
2019-06-21 08:25:00+00:00,33,1,36742,7751.0,7753.0,7751.0,7752.75,77,NQ.v.0
2019-06-21 08:26:00+00:00,33,1,36742,7752.75,7753.5,7752.0,7753.25,36,NQ.v.0
2019-06-21 08:27:00+00:00,33,1,36742,7753.25,7754.25,7752.75,7753.25,65,NQ.v.0
2019-06-21 08:28:00+00:00,33,1,36742,7753.0,7753.5,7752.75,7752.75,38,NQ.v.0
2019-06-21 08:29:00+00:00,33,1,36742,7753.25,7753.25,7751.25,7751.75,40,NQ.v.0
2019-06-21 08:30:00+00:00,33,1,36742,7751.75,7754.75,7751.75,7754.75,63,NQ.v.0
2019-06-21 08:31:00+00:00,33,1,36742,7754.5,7756.25,7754.0,7756.0,73,NQ.v.0
2019-06-21 08:32:00+00:00,33,1,36742,7756.0,7756.5,7755.0,7755.25,83,NQ.v.0
2019-06-21 08:33:00+00:00,33,1,36742,7755.0,7756.0,7753.5,7754.0,160,NQ.v.0
2019-06-21 08:34:00+00:00,33,1,36742,7754.25,7754.5,7752.75,7753.75,34,NQ.v.0
2019-06-21 08:35:00+00:00,33,1,36742,7753.5,7754.75,7752.75,7754.25,80,NQ.v.0
2019-06-21 08:36:00+00:00,33,1,36742,7754.25,7755.0,7753.0,7753.5,90,NQ.v.0
2019-06-21 08:37:00+00:00,33,1,36742,7753.5,7753.75,7752.5,7753.0,52,NQ.v.0
2019-06-21 08:38:00+00:00,33,1,36742,7753.0,7754.25,7752.25,7753.0,64,NQ.v.0
2019-06-21 08:39:00+00:00,33,1,36742,7753.25,7753.25,7751.0,7751.25,76,NQ.v.0
2019-06-21 08:40:00+00:00,33,1,36742,7751.5,7751.5,7749.25,7750.25,127,NQ.v.0
2019-06-21 08:41:00+00:00,33,1,36742,7750.75,7751.25,7750.25,7750.5,41,NQ.v.0
2019-06-21 08:42:00+00:00,33,1,36742,7750.75,7751.5,7750.5,7751.0,42,NQ.v.0
2019-06-21 08:43:00+00:00,33,1,36742,7751.25,7751.75,7749.5,7749.5,47,NQ.v.0
2019-06-21 08:44:00+00:00,33,1,36742,7749.5,7749.5,7746.0,7746.5,178,NQ.v.0
2019-06-21 08:45:00+00:00,33,1,36742,7746.75,7747.25,7745.5,7747.25,99,NQ.v.0
2019-06-21 08:46:00+00:00,33,1,36742,7747.75,7752.5,7747.75,7752.25,161,NQ.v.0
2019-06-21 08:47:00+00:00,33,1,36742,7752.5,7752.75,7751.0,7751.25,38,NQ.v.0
2019-06-21 08:48:00+00:00,33,1,36742,7751.25,7752.0,7748.25,7748.25,77,NQ.v.0
2019-06-21 08:49:00+00:00,33,1,36742,7748.5,7749.5,7747.5,7749.5,63,NQ.v.0
2019-06-21 08:50:00+00:00,33,1,36742,7750.0,7750.5,7749.5,7750.5,33,NQ.v.0
2019-06-21 08:51:00+00:00,33,1,36742,7750.0,7750.25,7748.5,7749.25,65,NQ.v.0
2019-06-21 08:52:00+00:00,33,1,36742,7749.25,7750.5,7749.0,7750.5,29,NQ.v.0
2019-06-21 08:53:00+00:00,33,1,36742,7750.0,7750.5,7747.25,7748.0,80,NQ.v.0
2019-06-21 08:54:00+00:00,33,1,36742,7747.75,7748.5,7747.25,7748.25,40,NQ.v.0
2019-06-21 08:55:00+00:00,33,1,36742,7748.0,7749.5,7746.75,7747.5,216,NQ.v.0
2019-06-21 08:56:00+00:00,33,1,36742,7747.5,7748.5,7747.0,7748.0,37,NQ.v.0
2019-06-21 08:57:00+00:00,33,1,36742,7748.25,7748.5,7747.5,7747.5,37,NQ.v.0
2019-06-21 08:58:00+00:00,33,1,36742,7747.5,7747.5,7746.25,7746.25,50,NQ.v.0
2019-06-21 08:59:00+00:00,33,1,36742,7746.5,7748.0,7746.5,7747.25,59,NQ.v.0
2019-06-21 09:00:00+00:00,33,1,36742,7747.25,7748.75,7747.0,7748.75,72,NQ.v.0
2019-06-21 09:01:00+00:00,33,1,36742,7749.0,7749.25,7747.75,7748.0,29,NQ.v.0
2019-06-21 09:02:00+00:00,33,1,36742,7748.0,7751.0,7747.75,7749.5,183,NQ.v.0
2019-06-21 09:03:00+00:00,33,1,36742,7749.25,7750.25,7748.75,7750.0,51,NQ.v.0
2019-06-21 09:04:00+00:00,33,1,36742,7749.75,7750.5,7749.5,7749.5,21,NQ.v.0
2019-06-21 09:05:00+00:00,33,1,36742,7749.5,7750.75,7749.5,7750.25,39,NQ.v.0
2019-06-21 09:06:00+00:00,33,1,36742,7751.0,7751.0,7750.25,7750.5,122,NQ.v.0
2019-06-21 09:07:00+00:00,33,1,36742,7750.5,7751.0,7748.75,7750.5,54,NQ.v.0
2019-06-21 09:08:00+00:00,33,1,36742,7750.5,7751.0,7750.25,7750.25,68,NQ.v.0
2019-06-21 09:09:00+00:00,33,1,36742,7750.5,7751.75,7750.5,7750.5,39,NQ.v.0
2019-06-21 09:10:00+00:00,33,1,36742,7750.0,7751.0,7749.25,7750.0,52,NQ.v.0
2019-06-21 09:11:00+00:00,33,1,36742,7750.25,7750.5,7749.75,7750.0,17,NQ.v.0
2019-06-21 09:12:00+00:00,33,1,36742,7750.25,7750.25,7749.5,7749.5,19,NQ.v.0
2019-06-21 09:13:00+00:00,33,1,36742,7750.0,7750.0,7748.0,7748.0,54,NQ.v.0
2019-06-21 09:14:00+00:00,33,1,36742,7748.0,7749.0,7747.75,7748.75,62,NQ.v.0
2019-06-21 09:15:00+00:00,33,1,36742,7748.75,7752.0,7748.75,7751.5,108,NQ.v.0
2019-06-21 09:16:00+00:00,33,1,36742,7751.5,7752.0,7751.0,7751.25,68,NQ.v.0
2019-06-21 09:17:00+00:00,33,1,36742,7751.25,7751.75,7749.75,7749.75,63,NQ.v.0
2019-06-21 09:18:00+00:00,33,1,36742,7749.75,7751.0,7749.75,7750.75,40,NQ.v.0
2019-06-21 09:19:00+00:00,33,1,36742,7750.75,7751.75,7750.5,7751.5,47,NQ.v.0
2019-06-21 09:20:00+00:00,33,1,36742,7751.25,7753.75,7751.25,7752.75,209,NQ.v.0
2019-06-21 09:21:00+00:00,33,1,36742,7753.0,7755.25,7753.0,7754.25,152,NQ.v.0
2019-06-21 09:22:00+00:00,33,1,36742,7753.75,7754.75,7753.25,7754.75,77,NQ.v.0
2019-06-21 09:23:00+00:00,33,1,36742,7754.75,7755.0,7753.25,7753.5,61,NQ.v.0
2019-06-21 09:24:00+00:00,33,1,36742,7753.75,7754.5,7753.5,7753.75,29,NQ.v.0
2019-06-21 09:25:00+00:00,33,1,36742,7754.0,7757.75,7754.0,7757.75,168,NQ.v.0
2019-06-21 09:26:00+00:00,33,1,36742,7757.75,7757.75,7756.5,7757.5,95,NQ.v.0
2019-06-21 09:27:00+00:00,33,1,36742,7757.75,7758.0,7757.25,7757.5,65,NQ.v.0
2019-06-21 09:28:00+00:00,33,1,36742,7757.75,7759.5,7757.5,7759.25,137,NQ.v.0
2019-06-21 09:29:00+00:00,33,1,36742,7759.0,7761.25,7758.75,7760.25,197,NQ.v.0
2019-06-21 09:30:00+00:00,33,1,36742,7760.25,7760.75,7758.75,7758.75,75,NQ.v.0
2019-06-21 09:31:00+00:00,33,1,36742,7759.0,7759.0,7754.5,7755.0,150,NQ.v.0
2019-06-21 09:32:00+00:00,33,1,36742,7754.75,7756.0,7753.75,7755.0,112,NQ.v.0
2019-06-21 09:33:00+00:00,33,1,36742,7755.0,7756.5,7753.75,7753.75,59,NQ.v.0
2019-06-21 09:34:00+00:00,33,1,36742,7753.75,7754.75,7753.25,7754.5,73,NQ.v.0
2019-06-21 09:35:00+00:00,33,1,36742,7755.0,7755.25,7753.25,7753.25,43,NQ.v.0
2019-06-21 09:36:00+00:00,33,1,36742,7753.75,7753.75,7751.25,7752.0,104,NQ.v.0
2019-06-21 09:37:00+00:00,33,1,36742,7751.75,7751.75,7750.75,7751.0,36,NQ.v.0
2019-06-21 09:38:00+00:00,33,1,36742,7751.0,7752.0,7749.75,7751.0,110,NQ.v.0
2019-06-21 09:39:00+00:00,33,1,36742,7751.0,7754.5,7751.0,7753.75,76,NQ.v.0
2019-06-21 09:40:00+00:00,33,1,36742,7753.25,7753.5,7750.75,7750.75,52,NQ.v.0
2019-06-21 09:41:00+00:00,33,1,36742,7751.0,7751.5,7749.5,7751.25,158,NQ.v.0
2019-06-21 09:42:00+00:00,33,1,36742,7751.0,7753.0,7750.5,7752.5,91,NQ.v.0
2019-06-21 09:43:00+00:00,33,1,36742,7752.5,7753.75,7752.0,7753.25,60,NQ.v.0
2019-06-21 09:44:00+00:00,33,1,36742,7753.25,7753.5,7751.5,7751.75,52,NQ.v.0
2019-06-21 09:45:00+00:00,33,1,36742,7752.0,7752.75,7752.0,7752.0,43,NQ.v.0
2019-06-21 09:46:00+00:00,33,1,36742,7752.25,7752.25,7751.25,7751.25,16,NQ.v.0
2019-06-21 09:47:00+00:00,33,1,36742,7751.0,7751.5,7750.5,7751.0,63,NQ.v.0
2019-06-21 09:48:00+00:00,33,1,36742,7750.75,7751.25,7750.5,7750.5,56,NQ.v.0
2019-06-21 09:49:00+00:00,33,1,36742,7750.75,7753.0,7750.75,7751.5,50,NQ.v.0
2019-06-21 09:50:00+00:00,33,1,36742,7751.5,7752.0,7743.25,7747.5,645,NQ.v.0
2019-06-21 09:51:00+00:00,33,1,36742,7747.5,7748.0,7745.0,7746.75,168,NQ.v.0
2019-06-21 09:52:00+00:00,33,1,36742,7746.5,7749.0,7745.5,7747.75,141,NQ.v.0
2019-06-21 09:53:00+00:00,33,1,36742,7747.5,7747.75,7746.0,7746.5,78,NQ.v.0
2019-06-21 09:54:00+00:00,33,1,36742,7746.75,7748.5,7746.75,7747.5,69,NQ.v.0
2019-06-21 09:55:00+00:00,33,1,36742,7747.5,7750.25,7747.5,7748.5,108,NQ.v.0
2019-06-21 09:56:00+00:00,33,1,36742,7748.75,7751.25,7748.75,7751.0,69,NQ.v.0
2019-06-21 09:57:00+00:00,33,1,36742,7751.25,7752.0,7751.0,7751.0,83,NQ.v.0
2019-06-21 09:58:00+00:00,33,1,36742,7750.75,7753.25,7750.5,7753.0,78,NQ.v.0
2019-06-21 09:59:00+00:00,33,1,36742,7752.75,7754.5,7751.25,7752.0,200,NQ.v.0
2019-06-21 10:00:00+00:00,33,1,36742,7752.25,7752.25,7748.0,7749.5,248,NQ.v.0
2019-06-21 10:01:00+00:00,33,1,36742,7749.25,7749.25,7744.75,7746.0,251,NQ.v.0
2019-06-21 10:02:00+00:00,33,1,36742,7745.75,7746.75,7745.25,7745.75,98,NQ.v.0
2019-06-21 10:03:00+00:00,33,1,36742,7746.5,7747.5,7746.25,7747.25,55,NQ.v.0
2019-06-21 10:04:00+00:00,33,1,36742,7747.25,7750.75,7747.0,7749.25,184,NQ.v.0
2019-06-21 10:05:00+00:00,33,1,36742,7748.75,7750.75,7748.75,7750.5,88,NQ.v.0
2019-06-21 10:06:00+00:00,33,1,36742,7750.75,7752.25,7749.25,7750.0,111,NQ.v.0
2019-06-21 10:07:00+00:00,33,1,36742,7749.75,7752.0,7749.5,7751.75,55,NQ.v.0
2019-06-21 10:08:00+00:00,33,1,36742,7752.0,7753.5,7751.75,7752.5,74,NQ.v.0
2019-06-21 10:09:00+00:00,33,1,36742,7752.25,7752.25,7748.5,7748.5,72,NQ.v.0
2019-06-21 10:10:00+00:00,33,1,36742,7749.25,7749.75,7748.25,7748.25,51,NQ.v.0
2019-06-21 10:11:00+00:00,33,1,36742,7748.25,7748.75,7746.0,7746.75,105,NQ.v.0
2019-06-21 10:12:00+00:00,33,1,36742,7746.75,7746.75,7744.0,7744.5,133,NQ.v.0
2019-06-21 10:13:00+00:00,33,1,36742,7744.75,7745.0,7743.25,7744.75,164,NQ.v.0
2019-06-21 10:14:00+00:00,33,1,36742,7745.0,7746.0,7742.0,7742.0,310,NQ.v.0
2019-06-21 10:15:00+00:00,33,1,36742,7742.0,7745.0,7741.25,7744.0,302,NQ.v.0
2019-06-21 10:16:00+00:00,33,1,36742,7744.0,7744.5,7742.25,7744.25,116,NQ.v.0
2019-06-21 10:17:00+00:00,33,1,36742,7744.25,7745.75,7743.75,7744.5,81,NQ.v.0
2019-06-21 10:18:00+00:00,33,1,36742,7744.5,7744.5,7742.5,7743.25,44,NQ.v.0
2019-06-21 10:19:00+00:00,33,1,36742,7743.25,7743.25,7741.0,7741.75,77,NQ.v.0
2019-06-21 10:20:00+00:00,33,1,36742,7741.25,7742.25,7739.75,7739.75,97,NQ.v.0
2019-06-21 10:21:00+00:00,33,1,36742,7739.75,7741.25,7739.75,7741.25,56,NQ.v.0
2019-06-21 10:22:00+00:00,33,1,36742,7741.5,7742.0,7740.25,7741.75,94,NQ.v.0
2019-06-21 10:23:00+00:00,33,1,36742,7741.0,7741.75,7740.25,7740.75,51,NQ.v.0
2019-06-21 10:24:00+00:00,33,1,36742,7740.5,7743.5,7740.0,7743.5,84,NQ.v.0
2019-06-21 10:25:00+00:00,33,1,36742,7743.25,7743.75,7740.25,7740.5,134,NQ.v.0
2019-06-21 10:26:00+00:00,33,1,36742,7740.5,7741.25,7739.75,7741.25,56,NQ.v.0
2019-06-21 10:27:00+00:00,33,1,36742,7741.25,7741.5,7740.5,7741.25,55,NQ.v.0
2019-06-21 10:28:00+00:00,33,1,36742,7741.0,7742.75,7740.5,7742.5,87,NQ.v.0
2019-06-21 10:29:00+00:00,33,1,36742,7742.75,7743.5,7741.75,7743.25,44,NQ.v.0
2019-06-21 10:30:00+00:00,33,1,36742,7743.5,7745.5,7741.5,7744.75,158,NQ.v.0
2019-06-21 10:31:00+00:00,33,1,36742,7744.75,7744.75,7742.5,7742.5,43,NQ.v.0
2019-06-21 10:32:00+00:00,33,1,36742,7742.75,7743.5,7742.5,7743.0,54,NQ.v.0
2019-06-21 10:33:00+00:00,33,1,36742,7742.75,7744.25,7742.25,7744.25,66,NQ.v.0
2019-06-21 10:34:00+00:00,33,1,36742,7744.5,7744.75,7743.5,7743.5,44,NQ.v.0
2019-06-21 10:35:00+00:00,33,1,36742,7744.0,7745.0,7743.5,7744.75,70,NQ.v.0
2019-06-21 10:36:00+00:00,33,1,36742,7745.25,7745.75,7744.5,7745.5,54,NQ.v.0
2019-06-21 10:37:00+00:00,33,1,36742,7745.75,7746.5,7745.25,7745.5,95,NQ.v.0
2019-06-21 10:38:00+00:00,33,1,36742,7745.5,7745.5,7742.75,7743.0,85,NQ.v.0
2019-06-21 10:39:00+00:00,33,1,36742,7743.0,7744.0,7740.75,7741.25,106,NQ.v.0
2019-06-21 10:40:00+00:00,33,1,36742,7741.25,7742.75,7741.0,7742.5,95,NQ.v.0
2019-06-21 10:41:00+00:00,33,1,36742,7742.5,7743.25,7741.0,7743.0,112,NQ.v.0
2019-06-21 10:42:00+00:00,33,1,36742,7743.25,7744.5,7743.0,7744.5,69,NQ.v.0
2019-06-21 10:43:00+00:00,33,1,36742,7744.5,7745.0,7744.25,7744.25,50,NQ.v.0
2019-06-21 10:44:00+00:00,33,1,36742,7744.0,7745.5,7744.0,7744.75,115,NQ.v.0
2019-06-21 10:45:00+00:00,33,1,36742,7744.75,7746.5,7744.5,7746.0,50,NQ.v.0
2019-06-21 10:46:00+00:00,33,1,36742,7745.75,7748.25,7745.5,7747.75,108,NQ.v.0
2019-06-21 10:47:00+00:00,33,1,36742,7748.0,7751.75,7748.0,7750.25,266,NQ.v.0
2019-06-21 10:48:00+00:00,33,1,36742,7750.0,7750.0,7747.0,7747.0,186,NQ.v.0
2019-06-21 10:49:00+00:00,33,1,36742,7746.75,7748.75,7746.0,7746.0,98,NQ.v.0
2019-06-21 10:50:00+00:00,33,1,36742,7745.75,7747.25,7745.0,7747.25,85,NQ.v.0
2019-06-21 10:51:00+00:00,33,1,36742,7746.75,7747.0,7746.0,7746.5,42,NQ.v.0
2019-06-21 10:52:00+00:00,33,1,36742,7746.25,7746.5,7745.0,7745.75,49,NQ.v.0
2019-06-21 10:53:00+00:00,33,1,36742,7745.75,7746.5,7745.0,7745.25,53,NQ.v.0
2019-06-21 10:54:00+00:00,33,1,36742,7745.5,7748.25,7745.0,7748.0,55,NQ.v.0
2019-06-21 10:55:00+00:00,33,1,36742,7747.75,7749.75,7747.25,7749.25,125,NQ.v.0
2019-06-21 10:56:00+00:00,33,1,36742,7749.25,7752.0,7749.25,7751.0,158,NQ.v.0
2019-06-21 10:57:00+00:00,33,1,36742,7751.0,7754.5,7751.0,7754.0,208,NQ.v.0
2019-06-21 10:58:00+00:00,33,1,36742,7754.0,7754.75,7751.75,7752.5,90,NQ.v.0
2019-06-21 10:59:00+00:00,33,1,36742,7752.0,7752.0,7747.5,7749.0,243,NQ.v.0
2019-06-21 11:00:00+00:00,33,1,36742,7749.25,7751.75,7747.75,7751.0,171,NQ.v.0
2019-06-21 11:01:00+00:00,33,1,36742,7750.75,7752.5,7750.5,7752.25,71,NQ.v.0
2019-06-21 11:02:00+00:00,33,1,36742,7752.25,7752.75,7750.5,7752.5,116,NQ.v.0
2019-06-21 11:03:00+00:00,33,1,36742,7752.25,7753.0,7749.25,7751.25,157,NQ.v.0
2019-06-21 11:04:00+00:00,33,1,36742,7750.5,7754.0,7749.5,7753.25,138,NQ.v.0
2019-06-21 11:05:00+00:00,33,1,36742,7753.0,7753.25,7751.25,7751.5,105,NQ.v.0
2019-06-21 11:06:00+00:00,33,1,36742,7751.25,7752.0,7750.25,7750.75,78,NQ.v.0
2019-06-21 11:07:00+00:00,33,1,36742,7751.0,7752.0,7750.25,7750.5,53,NQ.v.0
2019-06-21 11:08:00+00:00,33,1,36742,7750.25,7751.0,7749.75,7750.5,79,NQ.v.0
2019-06-21 11:09:00+00:00,33,1,36742,7750.25,7750.5,7749.0,7749.0,75,NQ.v.0
2019-06-21 11:10:00+00:00,33,1,36742,7748.75,7750.0,7748.5,7750.0,121,NQ.v.0
2019-06-21 11:11:00+00:00,33,1,36742,7750.25,7750.5,7748.75,7748.75,33,NQ.v.0
2019-06-21 11:12:00+00:00,33,1,36742,7748.25,7748.75,7747.0,7747.0,110,NQ.v.0
2019-06-21 11:13:00+00:00,33,1,36742,7747.0,7748.25,7746.0,7747.75,129,NQ.v.0
2019-06-21 11:14:00+00:00,33,1,36742,7748.0,7748.5,7745.25,7745.75,101,NQ.v.0
2019-06-21 11:15:00+00:00,33,1,36742,7745.5,7750.0,7745.25,7748.75,122,NQ.v.0
2019-06-21 11:16:00+00:00,33,1,36742,7748.25,7749.25,7747.25,7747.5,52,NQ.v.0
2019-06-21 11:17:00+00:00,33,1,36742,7747.5,7748.0,7745.5,7746.0,77,NQ.v.0
2019-06-21 11:18:00+00:00,33,1,36742,7745.75,7746.5,7745.25,7746.25,71,NQ.v.0
2019-06-21 11:19:00+00:00,33,1,36742,7746.25,7747.25,7746.0,7746.25,25,NQ.v.0
2019-06-21 11:20:00+00:00,33,1,36742,7746.25,7746.75,7743.5,7744.75,120,NQ.v.0
2019-06-21 11:21:00+00:00,33,1,36742,7744.5,7744.5,7741.25,7743.5,159,NQ.v.0
2019-06-21 11:22:00+00:00,33,1,36742,7743.75,7744.75,7743.0,7744.75,60,NQ.v.0
2019-06-21 11:23:00+00:00,33,1,36742,7744.5,7745.75,7743.5,7745.75,125,NQ.v.0
2019-06-21 11:24:00+00:00,33,1,36742,7745.75,7746.0,7743.5,7744.0,84,NQ.v.0
2019-06-21 11:25:00+00:00,33,1,36742,7744.0,7744.75,7743.0,7744.75,76,NQ.v.0
2019-06-21 11:26:00+00:00,33,1,36742,7744.25,7744.75,7742.75,7743.5,80,NQ.v.0
2019-06-21 11:27:00+00:00,33,1,36742,7743.5,7743.5,7741.25,7741.25,73,NQ.v.0
2019-06-21 11:28:00+00:00,33,1,36742,7741.5,7744.0,7741.25,7744.0,103,NQ.v.0
2019-06-21 11:29:00+00:00,33,1,36742,7744.0,7744.25,7742.5,7743.0,70,NQ.v.0
2019-06-21 11:30:00+00:00,33,1,36742,7743.25,7743.5,7740.75,7741.25,96,NQ.v.0
2019-06-21 11:31:00+00:00,33,1,36742,7740.75,7742.5,7740.0,7742.0,88,NQ.v.0
2019-06-21 11:32:00+00:00,33,1,36742,7741.75,7742.25,7741.25,7742.25,94,NQ.v.0
2019-06-21 11:33:00+00:00,33,1,36742,7742.5,7742.5,7741.5,7742.0,65,NQ.v.0
2019-06-21 11:34:00+00:00,33,1,36742,7742.25,7743.25,7741.75,7743.0,97,NQ.v.0
2019-06-21 11:35:00+00:00,33,1,36742,7742.75,7744.5,7741.25,7741.25,107,NQ.v.0
2019-06-21 11:36:00+00:00,33,1,36742,7741.5,7743.75,7740.5,7743.5,193,NQ.v.0
2019-06-21 11:37:00+00:00,33,1,36742,7743.75,7745.0,7743.5,7745.0,84,NQ.v.0
2019-06-21 11:38:00+00:00,33,1,36742,7744.75,7744.75,7743.75,7744.25,37,NQ.v.0
2019-06-21 11:39:00+00:00,33,1,36742,7744.25,7744.75,7743.25,7744.5,64,NQ.v.0
2019-06-21 11:40:00+00:00,33,1,36742,7744.0,7744.75,7743.75,7744.75,65,NQ.v.0
2019-06-21 11:41:00+00:00,33,1,36742,7744.75,7744.75,7744.0,7744.0,31,NQ.v.0
2019-06-21 11:42:00+00:00,33,1,36742,7743.75,7743.75,7741.75,7742.25,68,NQ.v.0
2019-06-21 11:43:00+00:00,33,1,36742,7742.0,7744.25,7741.5,7743.75,114,NQ.v.0
2019-06-21 11:44:00+00:00,33,1,36742,7743.75,7743.75,7742.5,7743.0,83,NQ.v.0
2019-06-21 11:45:00+00:00,33,1,36742,7742.75,7743.75,7742.25,7743.0,100,NQ.v.0
2019-06-21 11:46:00+00:00,33,1,36742,7743.0,7743.75,7743.0,7743.5,70,NQ.v.0
2019-06-21 11:47:00+00:00,33,1,36742,7743.25,7743.75,7743.0,7743.5,26,NQ.v.0
2019-06-21 11:48:00+00:00,33,1,36742,7742.75,7744.25,7742.0,7744.0,103,NQ.v.0
2019-06-21 11:49:00+00:00,33,1,36742,7744.25,7744.5,7742.25,7742.5,111,NQ.v.0
2019-06-21 11:50:00+00:00,33,1,36742,7742.5,7746.0,7742.5,7745.75,84,NQ.v.0
2019-06-21 11:51:00+00:00,33,1,36742,7745.75,7746.25,7745.0,7745.0,83,NQ.v.0
2019-06-21 11:52:00+00:00,33,1,36742,7745.0,7745.0,7743.25,7743.75,94,NQ.v.0
2019-06-21 11:53:00+00:00,33,1,36742,7744.0,7744.0,7743.25,7743.75,31,NQ.v.0
2019-06-21 11:54:00+00:00,33,1,36742,7743.75,7743.75,7743.0,7743.0,36,NQ.v.0
2019-06-21 11:55:00+00:00,33,1,36742,7743.0,7744.5,7743.0,7744.5,28,NQ.v.0
2019-06-21 11:56:00+00:00,33,1,36742,7744.25,7744.75,7743.5,7743.5,32,NQ.v.0
2019-06-21 11:57:00+00:00,33,1,36742,7743.5,7744.0,7742.75,7743.5,48,NQ.v.0
2019-06-21 11:58:00+00:00,33,1,36742,7743.75,7744.0,7743.75,7744.0,30,NQ.v.0
2019-06-21 11:59:00+00:00,33,1,36742,7743.75,7744.25,7743.0,7743.5,75,NQ.v.0
2019-06-21 12:00:00+00:00,33,1,36742,7743.5,7746.25,7742.0,7746.0,174,NQ.v.0
2019-06-21 12:01:00+00:00,33,1,36742,7745.75,7747.75,7745.75,7746.75,155,NQ.v.0
2019-06-21 12:02:00+00:00,33,1,36742,7746.5,7747.0,7745.75,7746.75,96,NQ.v.0
2019-06-21 12:03:00+00:00,33,1,36742,7746.5,7746.75,7745.75,7746.5,46,NQ.v.0
2019-06-21 12:04:00+00:00,33,1,36742,7746.75,7747.5,7746.0,7746.25,41,NQ.v.0
2019-06-21 12:05:00+00:00,33,1,36742,7746.5,7746.5,7743.25,7745.75,106,NQ.v.0
2019-06-21 12:06:00+00:00,33,1,36742,7746.0,7746.5,7744.0,7744.0,39,NQ.v.0
2019-06-21 12:07:00+00:00,33,1,36742,7743.75,7743.75,7739.25,7740.5,202,NQ.v.0
2019-06-21 12:08:00+00:00,33,1,36742,7740.75,7741.25,7740.5,7741.25,52,NQ.v.0
2019-06-21 12:09:00+00:00,33,1,36742,7740.75,7740.75,7737.0,7738.25,376,NQ.v.0
2019-06-21 12:10:00+00:00,33,1,36742,7738.25,7739.0,7737.75,7738.5,91,NQ.v.0
2019-06-21 12:11:00+00:00,33,1,36742,7738.25,7738.75,7737.75,7738.5,78,NQ.v.0
2019-06-21 12:12:00+00:00,33,1,36742,7738.25,7740.75,7737.75,7740.25,85,NQ.v.0
2019-06-21 12:13:00+00:00,33,1,36742,7740.5,7740.5,7739.25,7740.25,86,NQ.v.0
2019-06-21 12:14:00+00:00,33,1,36742,7740.5,7740.75,7737.0,7737.5,112,NQ.v.0
2019-06-21 12:15:00+00:00,33,1,36742,7737.0,7737.5,7735.5,7737.0,129,NQ.v.0
2019-06-21 12:16:00+00:00,33,1,36742,7737.0,7739.75,7737.0,7739.0,170,NQ.v.0
2019-06-21 12:17:00+00:00,33,1,36742,7739.0,7739.75,7738.5,7738.5,103,NQ.v.0
2019-06-21 12:18:00+00:00,33,1,36742,7738.25,7738.75,7737.75,7738.5,61,NQ.v.0
2019-06-21 12:19:00+00:00,33,1,36742,7738.5,7739.5,7738.5,7739.5,85,NQ.v.0
2019-06-21 12:20:00+00:00,33,1,36742,7739.25,7740.25,7737.25,7737.25,183,NQ.v.0
2019-06-21 12:21:00+00:00,33,1,36742,7737.0,7738.25,7736.0,7736.0,104,NQ.v.0
2019-06-21 12:22:00+00:00,33,1,36742,7735.75,7738.0,7735.25,7738.0,209,NQ.v.0
2019-06-21 12:23:00+00:00,33,1,36742,7738.0,7738.5,7737.5,7738.5,161,NQ.v.0
2019-06-21 12:24:00+00:00,33,1,36742,7738.25,7738.75,7737.75,7738.25,78,NQ.v.0
2019-06-21 12:25:00+00:00,33,1,36742,7737.75,7737.75,7735.5,7736.25,80,NQ.v.0
2019-06-21 12:26:00+00:00,33,1,36742,7736.5,7737.5,7735.75,7736.0,69,NQ.v.0
2019-06-21 12:27:00+00:00,33,1,36742,7736.0,7737.5,7735.5,7736.0,118,NQ.v.0
2019-06-21 12:28:00+00:00,33,1,36742,7736.25,7737.25,7735.25,7735.5,100,NQ.v.0
2019-06-21 12:29:00+00:00,33,1,36742,7735.75,7736.75,7735.5,7736.25,117,NQ.v.0
2019-06-21 12:30:00+00:00,33,1,36742,7735.75,7745.0,7733.25,7744.0,856,NQ.v.0
2019-06-21 12:31:00+00:00,33,1,36742,7743.75,7748.0,7743.5,7746.5,734,NQ.v.0
2019-06-21 12:32:00+00:00,33,1,36742,7746.25,7746.25,7742.25,7742.5,212,NQ.v.0
2019-06-21 12:33:00+00:00,33,1,36742,7742.75,7748.0,7742.75,7747.25,221,NQ.v.0
2019-06-21 12:34:00+00:00,33,1,36742,7746.75,7749.5,7746.0,7747.25,292,NQ.v.0
2019-06-21 12:35:00+00:00,33,1,36742,7746.75,7746.75,7733.5,7740.75,740,NQ.v.0
2019-06-21 12:36:00+00:00,33,1,36742,7740.5,7744.0,7739.0,7743.0,239,NQ.v.0
2019-06-21 12:37:00+00:00,33,1,36742,7742.75,7743.5,7741.25,7743.5,154,NQ.v.0
2019-06-21 12:38:00+00:00,33,1,36742,7743.25,7744.5,7741.75,7744.25,141,NQ.v.0
2019-06-21 12:39:00+00:00,33,1,36742,7744.0,7744.0,7741.75,7742.5,67,NQ.v.0
2019-06-21 12:40:00+00:00,33,1,36742,7742.0,7743.75,7737.5,7742.5,455,NQ.v.0
2019-06-21 12:41:00+00:00,33,1,36742,7742.25,7744.5,7740.75,7740.75,195,NQ.v.0
2019-06-21 12:42:00+00:00,33,1,36742,7740.75,7742.75,7740.25,7742.75,124,NQ.v.0
2019-06-21 12:43:00+00:00,33,1,36742,7743.0,7743.5,7741.25,7742.75,158,NQ.v.0
2019-06-21 12:44:00+00:00,33,1,36742,7742.25,7744.75,7741.75,7744.5,175,NQ.v.0
2019-06-21 12:45:00+00:00,33,1,36742,7744.25,7745.25,7743.25,7743.25,120,NQ.v.0
2019-06-21 12:46:00+00:00,33,1,36742,7743.0,7743.0,7740.5,7740.5,117,NQ.v.0
2019-06-21 12:47:00+00:00,33,1,36742,7740.5,7744.0,7738.25,7743.75,175,NQ.v.0
2019-06-21 12:48:00+00:00,33,1,36742,7743.75,7744.5,7742.75,7743.5,126,NQ.v.0
2019-06-21 12:49:00+00:00,33,1,36742,7743.25,7745.0,7742.75,7744.5,194,NQ.v.0
2019-06-21 12:50:00+00:00,33,1,36742,7744.5,7744.75,7737.75,7739.75,400,NQ.v.0
2019-06-21 12:51:00+00:00,33,1,36742,7740.25,7742.0,7738.5,7738.5,249,NQ.v.0
2019-06-21 12:52:00+00:00,33,1,36742,7739.0,7742.5,7738.5,7742.5,326,NQ.v.0
2019-06-21 12:53:00+00:00,33,1,36742,7742.25,7743.5,7742.0,7742.75,134,NQ.v.0
2019-06-21 12:54:00+00:00,33,1,36742,7742.75,7743.75,7741.5,7741.5,179,NQ.v.0
2019-06-21 12:55:00+00:00,33,1,36742,7741.75,7748.25,7741.75,7743.25,479,NQ.v.0
2019-06-21 12:56:00+00:00,33,1,36742,7743.75,7744.75,7742.75,7744.25,120,NQ.v.0
2019-06-21 12:57:00+00:00,33,1,36742,7744.5,7745.0,7743.0,7744.25,228,NQ.v.0
2019-06-21 12:58:00+00:00,33,1,36742,7744.5,7745.75,7743.75,7745.25,210,NQ.v.0
2019-06-21 12:59:00+00:00,33,1,36742,7745.25,7745.75,7743.0,7744.0,180,NQ.v.0
2019-06-21 13:00:00+00:00,33,1,36742,7743.5,7744.75,7741.25,7744.5,336,NQ.v.0
2019-06-21 13:01:00+00:00,33,1,36742,7744.75,7744.75,7741.25,7743.75,252,NQ.v.0
2019-06-21 13:02:00+00:00,33,1,36742,7743.75,7745.0,7742.25,7743.75,291,NQ.v.0
2019-06-21 13:03:00+00:00,33,1,36742,7743.75,7743.75,7742.0,7742.25,219,NQ.v.0
2019-06-21 13:04:00+00:00,33,1,36742,7742.5,7744.0,7741.75,7742.75,172,NQ.v.0
2019-06-21 13:05:00+00:00,33,1,36742,7742.5,7742.5,7740.25,7741.0,261,NQ.v.0
2019-06-21 13:06:00+00:00,33,1,36742,7741.25,7742.5,7739.0,7739.75,215,NQ.v.0
2019-06-21 13:07:00+00:00,33,1,36742,7739.75,7741.5,7739.0,7740.0,221,NQ.v.0
2019-06-21 13:08:00+00:00,33,1,36742,7740.0,7740.25,7738.25,7739.5,155,NQ.v.0
2019-06-21 13:09:00+00:00,33,1,36742,7739.5,7740.25,7737.25,7738.0,236,NQ.v.0
2019-06-21 13:10:00+00:00,33,1,36742,7738.25,7739.25,7738.25,7739.25,108,NQ.v.0
2019-06-21 13:11:00+00:00,33,1,36742,7739.5,7743.5,7739.5,7743.0,262,NQ.v.0
2019-06-21 13:12:00+00:00,33,1,36742,7742.75,7745.5,7742.75,7745.25,300,NQ.v.0
2019-06-21 13:13:00+00:00,33,1,36742,7744.75,7745.0,7742.25,7742.25,155,NQ.v.0
2019-06-21 13:14:00+00:00,33,1,36742,7742.5,7743.5,7740.0,7740.0,166,NQ.v.0
2019-06-21 13:15:00+00:00,33,1,36742,7740.0,7742.5,7740.0,7742.5,121,NQ.v.0
2019-06-21 13:16:00+00:00,33,1,36742,7742.75,7743.0,7741.5,7741.75,128,NQ.v.0
2019-06-21 13:17:00+00:00,33,1,36742,7742.0,7743.0,7740.25,7743.0,179,NQ.v.0
2019-06-21 13:18:00+00:00,33,1,36742,7743.0,7749.25,7743.0,7746.75,909,NQ.v.0
2019-06-21 13:19:00+00:00,33,1,36742,7746.75,7747.5,7746.25,7747.0,110,NQ.v.0
2019-06-21 13:20:00+00:00,33,1,36742,7747.25,7749.75,7746.5,7746.5,552,NQ.v.0
2019-06-21 13:21:00+00:00,33,1,36742,7746.5,7748.75,7745.25,7747.0,304,NQ.v.0
2019-06-21 13:22:00+00:00,33,1,36742,7747.25,7747.75,7745.75,7747.0,285,NQ.v.0
2019-06-21 13:23:00+00:00,33,1,36742,7747.25,7747.25,7744.75,7745.5,259,NQ.v.0
2019-06-21 13:24:00+00:00,33,1,36742,7745.75,7747.0,7744.75,7745.25,343,NQ.v.0
2019-06-21 13:25:00+00:00,33,1,36742,7745.75,7754.5,7745.25,7752.75,1116,NQ.v.0
2019-06-21 13:26:00+00:00,33,1,36742,7752.75,7752.75,7749.5,7750.0,529,NQ.v.0
2019-06-21 13:27:00+00:00,33,1,36742,7750.25,7752.75,7749.75,7750.75,458,NQ.v.0
2019-06-21 13:28:00+00:00,33,1,36742,7751.0,7757.75,7750.5,7752.5,1914,NQ.v.0
2019-06-21 13:29:00+00:00,33,1,36742,7752.75,7755.5,7749.5,7752.0,1645,NQ.v.0
2019-06-21 13:30:00+00:00,33,1,36742,7751.75,7756.75,7745.0,7745.25,5501,NQ.v.0
2019-06-21 13:31:00+00:00,33,1,36742,7745.0,7749.75,7743.5,7746.0,2457,NQ.v.0
2019-06-21 13:32:00+00:00,33,1,36742,7746.0,7748.75,7741.0,7743.75,1711,NQ.v.0
2019-06-21 13:33:00+00:00,33,1,36742,7743.75,7747.0,7739.0,7739.5,1968,NQ.v.0
2019-06-21 13:34:00+00:00,33,1,36742,7739.5,7747.75,7737.0,7747.0,2914,NQ.v.0
2019-06-21 13:35:00+00:00,33,1,36742,7747.0,7750.75,7743.25,7750.0,2473,NQ.v.0
2019-06-21 13:36:00+00:00,33,1,36742,7749.75,7753.75,7748.0,7750.0,1959,NQ.v.0
2019-06-21 13:37:00+00:00,33,1,36742,7749.75,7753.25,7746.5,7748.75,1097,NQ.v.0
2019-06-21 13:38:00+00:00,33,1,36742,7748.75,7751.0,7747.5,7749.5,709,NQ.v.0
2019-06-21 13:39:00+00:00,33,1,36742,7749.25,7752.25,7745.75,7746.5,1112,NQ.v.0
2019-06-21 13:40:00+00:00,33,1,36742,7746.25,7755.0,7746.25,7752.0,1343,NQ.v.0
2019-06-21 13:41:00+00:00,33,1,36742,7751.75,7753.75,7748.0,7751.25,1160,NQ.v.0
2019-06-21 13:42:00+00:00,33,1,36742,7751.25,7757.5,7750.0,7757.5,1477,NQ.v.0
2019-06-21 13:43:00+00:00,33,1,36742,7757.25,7757.5,7748.25,7749.5,1549,NQ.v.0
2019-06-21 13:44:00+00:00,33,1,36742,7749.25,7751.0,7744.0,7744.75,1569,NQ.v.0
2019-06-21 13:45:00+00:00,33,1,36742,7744.5,7748.0,7742.0,7745.5,1613,NQ.v.0
2019-06-21 13:46:00+00:00,33,1,36742,7745.5,7752.75,7743.0,7747.0,2111,NQ.v.0
2019-06-21 13:47:00+00:00,33,1,36742,7746.75,7748.75,7742.75,7744.75,1125,NQ.v.0
2019-06-21 13:48:00+00:00,33,1,36742,7744.5,7749.5,7743.75,7747.5,981,NQ.v.0
2019-06-21 13:49:00+00:00,33,1,36742,7747.5,7748.25,7741.0,7742.75,1201,NQ.v.0
2019-06-21 13:50:00+00:00,33,1,36742,7742.75,7744.0,7739.25,7740.75,1465,NQ.v.0
2019-06-21 13:51:00+00:00,33,1,36742,7740.5,7747.25,7738.25,7742.25,1777,NQ.v.0
2019-06-21 13:52:00+00:00,33,1,36742,7742.25,7744.5,7740.75,7744.25,1012,NQ.v.0
2019-06-21 13:53:00+00:00,33,1,36742,7744.0,7748.5,7744.0,7748.25,902,NQ.v.0
2019-06-21 13:54:00+00:00,33,1,36742,7748.0,7753.75,7747.25,7751.25,1188,NQ.v.0
2019-06-21 13:55:00+00:00,33,1,36742,7751.0,7755.75,7751.0,7754.5,1183,NQ.v.0
2019-06-21 13:56:00+00:00,33,1,36742,7754.75,7761.25,7754.0,7759.0,2162,NQ.v.0
2019-06-21 13:57:00+00:00,33,1,36742,7758.75,7761.5,7757.75,7758.0,1070,NQ.v.0
2019-06-21 13:58:00+00:00,33,1,36742,7758.0,7759.75,7752.25,7753.75,1324,NQ.v.0
2019-06-21 13:59:00+00:00,33,1,36742,7753.75,7755.25,7752.5,7754.5,775,NQ.v.0
2019-06-21 14:00:00+00:00,33,1,36742,7754.25,7755.0,7751.75,7753.75,962,NQ.v.0
2019-06-21 14:01:00+00:00,33,1,36742,7753.75,7759.5,7750.5,7756.25,2231,NQ.v.0
2019-06-21 14:02:00+00:00,33,1,36742,7756.0,7759.0,7753.0,7754.25,1038,NQ.v.0
2019-06-21 14:03:00+00:00,33,1,36742,7754.5,7760.25,7752.5,7759.0,1316,NQ.v.0
2019-06-21 14:04:00+00:00,33,1,36742,7759.0,7763.75,7758.25,7759.75,2287,NQ.v.0
2019-06-21 14:05:00+00:00,33,1,36742,7760.0,7762.25,7757.25,7757.5,1014,NQ.v.0
2019-06-21 14:06:00+00:00,33,1,36742,7757.25,7760.0,7757.25,7759.25,824,NQ.v.0
2019-06-21 14:07:00+00:00,33,1,36742,7759.25,7767.25,7758.0,7764.0,2211,NQ.v.0
2019-06-21 14:08:00+00:00,33,1,36742,7763.75,7764.5,7760.5,7761.75,794,NQ.v.0
2019-06-21 14:09:00+00:00,33,1,36742,7761.75,7763.0,7760.75,7760.75,500,NQ.v.0
2019-06-21 14:10:00+00:00,33,1,36742,7760.75,7762.0,7760.0,7761.75,449,NQ.v.0
2019-06-21 14:11:00+00:00,33,1,36742,7761.25,7761.5,7757.5,7758.5,851,NQ.v.0
2019-06-21 14:12:00+00:00,33,1,36742,7758.5,7759.25,7754.5,7755.25,1065,NQ.v.0
2019-06-21 14:13:00+00:00,33,1,36742,7755.0,7758.0,7755.0,7757.75,595,NQ.v.0
2019-06-21 14:14:00+00:00,33,1,36742,7757.75,7759.5,7757.0,7757.25,536,NQ.v.0
2019-06-21 14:15:00+00:00,33,1,36742,7757.0,7760.75,7757.0,7759.75,800,NQ.v.0
2019-06-21 14:16:00+00:00,33,1,36742,7759.5,7762.75,7758.75,7760.75,780,NQ.v.0
2019-06-21 14:17:00+00:00,33,1,36742,7760.5,7761.75,7753.0,7753.5,1438,NQ.v.0
2019-06-21 14:18:00+00:00,33,1,36742,7753.5,7755.75,7753.5,7755.75,733,NQ.v.0
2019-06-21 14:19:00+00:00,33,1,36742,7755.75,7758.0,7754.25,7758.0,834,NQ.v.0
2019-06-21 14:20:00+00:00,33,1,36742,7757.5,7761.0,7757.5,7759.75,526,NQ.v.0
2019-06-21 14:21:00+00:00,33,1,36742,7759.75,7761.5,7759.75,7761.0,405,NQ.v.0
2019-06-21 14:22:00+00:00,33,1,36742,7760.75,7762.5,7757.0,7758.25,921,NQ.v.0
2019-06-21 14:23:00+00:00,33,1,36742,7758.0,7760.75,7758.0,7760.5,507,NQ.v.0
2019-06-21 14:24:00+00:00,33,1,36742,7760.25,7761.75,7757.25,7759.25,581,NQ.v.0
2019-06-21 14:25:00+00:00,33,1,36742,7758.75,7759.5,7757.0,7757.25,357,NQ.v.0
2019-06-21 14:26:00+00:00,33,1,36742,7757.0,7758.5,7755.75,7756.0,437,NQ.v.0
2019-06-21 14:27:00+00:00,33,1,36742,7755.75,7758.5,7754.75,7758.5,560,NQ.v.0
2019-06-21 14:28:00+00:00,33,1,36742,7758.25,7761.0,7757.75,7760.5,673,NQ.v.0
2019-06-21 14:29:00+00:00,33,1,36742,7760.25,7762.0,7759.5,7761.0,557,NQ.v.0
2019-06-21 14:30:00+00:00,33,1,36742,7761.25,7764.5,7760.25,7762.0,1130,NQ.v.0
2019-06-21 14:31:00+00:00,33,1,36742,7762.25,7763.25,7761.25,7762.25,463,NQ.v.0
2019-06-21 14:32:00+00:00,33,1,36742,7762.0,7766.25,7761.75,7764.75,817,NQ.v.0
2019-06-21 14:33:00+00:00,33,1,36742,7765.0,7765.75,7763.0,7763.75,517,NQ.v.0
2019-06-21 14:34:00+00:00,33,1,36742,7763.5,7768.25,7763.5,7768.0,1049,NQ.v.0
2019-06-21 14:35:00+00:00,33,1,36742,7768.0,7768.0,7765.0,7766.25,620,NQ.v.0
2019-06-21 14:36:00+00:00,33,1,36742,7766.5,7768.0,7764.5,7765.5,539,NQ.v.0
2019-06-21 14:37:00+00:00,33,1,36742,7765.75,7765.75,7760.75,7761.25,978,NQ.v.0
2019-06-21 14:38:00+00:00,33,1,36742,7761.25,7768.75,7761.0,7764.75,1716,NQ.v.0
2019-06-21 14:39:00+00:00,33,1,36742,7764.25,7766.0,7763.5,7764.5,565,NQ.v.0
2019-06-21 14:40:00+00:00,33,1,36742,7764.75,7770.0,7764.75,7767.25,1057,NQ.v.0
2019-06-21 14:41:00+00:00,33,1,36742,7767.25,7769.25,7766.0,7769.0,515,NQ.v.0
2019-06-21 14:42:00+00:00,33,1,36742,7768.75,7770.75,7767.5,7770.25,674,NQ.v.0
2019-06-21 14:43:00+00:00,33,1,36742,7770.5,7773.25,7769.0,7773.0,1395,NQ.v.0
2019-06-21 14:44:00+00:00,33,1,36742,7773.0,7782.25,7773.0,7778.25,3656,NQ.v.0
2019-06-21 14:45:00+00:00,33,1,36742,7778.25,7780.0,7774.0,7776.0,2144,NQ.v.0
2019-06-21 14:46:00+00:00,33,1,36742,7776.0,7777.75,7773.75,7775.5,1223,NQ.v.0
2019-06-21 14:47:00+00:00,33,1,36742,7775.25,7782.25,7775.25,7782.0,1042,NQ.v.0
2019-06-21 14:48:00+00:00,33,1,36742,7782.0,7786.5,7781.5,7785.25,2188,NQ.v.0
2019-06-21 14:49:00+00:00,33,1,36742,7785.0,7785.5,7780.5,7781.5,802,NQ.v.0
2019-06-21 14:50:00+00:00,33,1,36742,7781.25,7781.5,7779.0,7781.5,708,NQ.v.0
2019-06-21 14:51:00+00:00,33,1,36742,7781.25,7781.5,7778.25,7778.5,410,NQ.v.0
2019-06-21 14:52:00+00:00,33,1,36742,7779.0,7780.0,7777.25,7779.25,607,NQ.v.0
2019-06-21 14:53:00+00:00,33,1,36742,7779.5,7781.25,7778.75,7780.75,382,NQ.v.0
2019-06-21 14:54:00+00:00,33,1,36742,7780.75,7783.25,7779.5,7779.75,646,NQ.v.0
2019-06-21 14:55:00+00:00,33,1,36742,7779.5,7780.25,7776.5,7777.75,709,NQ.v.0
2019-06-21 14:56:00+00:00,33,1,36742,7777.75,7779.0,7776.0,7777.5,637,NQ.v.0
2019-06-21 14:57:00+00:00,33,1,36742,7777.5,7777.5,7774.75,7775.75,528,NQ.v.0
2019-06-21 14:58:00+00:00,33,1,36742,7775.75,7775.75,7771.0,7772.75,1092,NQ.v.0
2019-06-21 14:59:00+00:00,33,1,36742,7772.5,7774.25,7770.5,7773.75,724,NQ.v.0
2019-06-21 15:00:00+00:00,33,1,36742,7773.75,7780.75,7773.25,7778.5,1427,NQ.v.0
2019-06-21 15:01:00+00:00,33,1,36742,7778.25,7787.5,7777.75,7787.0,3203,NQ.v.0
2019-06-21 15:02:00+00:00,33,1,36742,7786.75,7796.0,7786.0,7793.0,5035,NQ.v.0
2019-06-21 15:03:00+00:00,33,1,36742,7793.25,7793.5,7788.25,7788.25,1089,NQ.v.0
2019-06-21 15:04:00+00:00,33,1,36742,7788.0,7792.25,7787.75,7790.5,694,NQ.v.0
2019-06-21 15:05:00+00:00,33,1,36742,7790.5,7798.75,7788.0,7798.25,1880,NQ.v.0
2019-06-21 15:06:00+00:00,33,1,36742,7798.0,7798.75,7793.5,7795.75,1603,NQ.v.0
2019-06-21 15:07:00+00:00,33,1,36742,7795.75,7797.5,7793.0,7796.75,935,NQ.v.0
2019-06-21 15:08:00+00:00,33,1,36742,7796.5,7803.5,7796.0,7801.5,2647,NQ.v.0
2019-06-21 15:09:00+00:00,33,1,36742,7801.5,7801.5,7795.75,7795.75,1563,NQ.v.0
2019-06-21 15:10:00+00:00,33,1,36742,7796.0,7796.5,7792.5,7793.75,1394,NQ.v.0
2019-06-21 15:11:00+00:00,33,1,36742,7793.5,7796.25,7792.25,7794.5,1112,NQ.v.0
2019-06-21 15:12:00+00:00,33,1,36742,7794.25,7796.25,7792.0,7792.5,1049,NQ.v.0
2019-06-21 15:13:00+00:00,33,1,36742,7792.5,7794.5,7788.75,7790.0,1224,NQ.v.0
2019-06-21 15:14:00+00:00,33,1,36742,7789.75,7792.75,7788.75,7791.0,994,NQ.v.0
2019-06-21 15:15:00+00:00,33,1,36742,7791.0,7791.5,7787.25,7788.25,713,NQ.v.0
2019-06-21 15:16:00+00:00,33,1,36742,7788.25,7789.25,7785.5,7787.75,775,NQ.v.0
2019-06-21 15:17:00+00:00,33,1,36742,7788.0,7789.0,7785.75,7786.0,592,NQ.v.0
2019-06-21 15:18:00+00:00,33,1,36742,7785.75,7788.25,7782.75,7788.25,873,NQ.v.0
2019-06-21 15:19:00+00:00,33,1,36742,7788.25,7789.5,7786.0,7787.0,588,NQ.v.0
2019-06-21 15:20:00+00:00,33,1,36742,7786.75,7789.25,7786.25,7786.5,387,NQ.v.0
2019-06-21 15:21:00+00:00,33,1,36742,7786.25,7791.25,7786.25,7790.75,677,NQ.v.0
2019-06-21 15:22:00+00:00,33,1,36742,7790.5,7792.0,7788.25,7789.25,581,NQ.v.0
2019-06-21 15:23:00+00:00,33,1,36742,7789.0,7790.75,7788.25,7789.75,475,NQ.v.0
2019-06-21 15:24:00+00:00,33,1,36742,7789.25,7789.75,7782.75,7782.75,914,NQ.v.0
2019-06-21 15:25:00+00:00,33,1,36742,7783.0,7783.0,7778.5,7779.0,1231,NQ.v.0
2019-06-21 15:26:00+00:00,33,1,36742,7778.75,7780.0,7775.25,7775.25,828,NQ.v.0
2019-06-21 15:27:00+00:00,33,1,36742,7775.25,7780.75,7774.5,7780.0,902,NQ.v.0
2019-06-21 15:28:00+00:00,33,1,36742,7779.75,7781.5,7778.75,7779.75,505,NQ.v.0
2019-06-21 15:29:00+00:00,33,1,36742,7779.75,7781.0,7778.5,7779.75,421,NQ.v.0
2019-06-21 15:30:00+00:00,33,1,36742,7779.5,7782.75,7777.75,7779.5,987,NQ.v.0
2019-06-21 15:31:00+00:00,33,1,36742,7779.75,7782.5,7778.5,7781.0,621,NQ.v.0
2019-06-21 15:32:00+00:00,33,1,36742,7781.0,7784.75,7779.25,7784.0,1770,NQ.v.0
2019-06-21 15:33:00+00:00,33,1,36742,7783.75,7787.75,7783.75,7786.0,1060,NQ.v.0
2019-06-21 15:34:00+00:00,33,1,36742,7786.0,7786.25,7783.5,7784.5,623,NQ.v.0
2019-06-21 15:35:00+00:00,33,1,36742,7784.5,7788.0,7783.5,7786.5,819,NQ.v.0
2019-06-21 15:36:00+00:00,33,1,36742,7786.25,7786.5,7777.75,7780.25,1273,NQ.v.0
2019-06-21 15:37:00+00:00,33,1,36742,7780.5,7783.5,7780.25,7782.25,786,NQ.v.0
2019-06-21 15:38:00+00:00,33,1,36742,7782.0,7782.5,7779.5,7781.5,476,NQ.v.0
2019-06-21 15:39:00+00:00,33,1,36742,7781.25,7782.0,7776.25,7777.25,894,NQ.v.0
2019-06-21 15:40:00+00:00,33,1,36742,7777.25,7781.0,7776.5,7778.25,690,NQ.v.0
2019-06-21 15:41:00+00:00,33,1,36742,7778.0,7779.75,7773.75,7774.0,832,NQ.v.0
2019-06-21 15:42:00+00:00,33,1,36742,7774.25,7775.75,7772.0,7774.5,1458,NQ.v.0
2019-06-21 15:43:00+00:00,33,1,36742,7774.75,7776.75,7773.25,7773.75,553,NQ.v.0
2019-06-21 15:44:00+00:00,33,1,36742,7773.75,7775.0,7769.0,7770.5,1024,NQ.v.0
2019-06-21 15:45:00+00:00,33,1,36742,7770.25,7772.5,7768.75,7771.25,778,NQ.v.0
2019-06-21 15:46:00+00:00,33,1,36742,7771.5,7773.25,7769.5,7773.0,583,NQ.v.0
2019-06-21 15:47:00+00:00,33,1,36742,7773.0,7773.75,7770.25,7770.75,500,NQ.v.0
2019-06-21 15:48:00+00:00,33,1,36742,7770.75,7772.5,7769.25,7770.25,786,NQ.v.0
2019-06-21 15:49:00+00:00,33,1,36742,7770.5,7772.25,7767.25,7767.5,697,NQ.v.0
2019-06-21 15:50:00+00:00,33,1,36742,7767.5,7771.5,7765.25,7765.5,1218,NQ.v.0
2019-06-21 15:51:00+00:00,33,1,36742,7765.5,7768.0,7765.25,7766.0,1051,NQ.v.0
2019-06-21 15:52:00+00:00,33,1,36742,7766.0,7766.0,7761.5,7763.5,1221,NQ.v.0
2019-06-21 15:53:00+00:00,33,1,36742,7763.0,7765.75,7761.25,7762.5,1036,NQ.v.0
2019-06-21 15:54:00+00:00,33,1,36742,7763.0,7763.5,7759.25,7762.25,931,NQ.v.0
2019-06-21 15:55:00+00:00,33,1,36742,7762.25,7763.75,7760.75,7763.5,496,NQ.v.0
2019-06-21 15:56:00+00:00,33,1,36742,7763.75,7764.25,7759.25,7761.5,1112,NQ.v.0
2019-06-21 15:57:00+00:00,33,1,36742,7761.5,7764.75,7760.25,7764.0,1383,NQ.v.0
2019-06-21 15:58:00+00:00,33,1,36742,7763.75,7764.0,7760.75,7761.0,811,NQ.v.0
2019-06-21 15:59:00+00:00,33,1,36742,7761.25,7765.25,7760.75,7763.75,475,NQ.v.0
2019-06-21 16:00:00+00:00,33,1,36742,7763.75,7767.5,7761.5,7766.75,1172,NQ.v.0
2019-06-21 16:01:00+00:00,33,1,36742,7766.75,7768.0,7765.75,7766.5,489,NQ.v.0
2019-06-21 16:02:00+00:00,33,1,36742,7766.75,7770.25,7766.75,7768.75,560,NQ.v.0
2019-06-21 16:03:00+00:00,33,1,36742,7768.5,7768.75,7766.25,7766.75,296,NQ.v.0
2019-06-21 16:04:00+00:00,33,1,36742,7767.25,7770.0,7766.5,7769.75,310,NQ.v.0
2019-06-21 16:05:00+00:00,33,1,36742,7769.75,7769.75,7766.75,7767.0,258,NQ.v.0
2019-06-21 16:06:00+00:00,33,1,36742,7767.0,7767.75,7765.5,7766.75,363,NQ.v.0
2019-06-21 16:07:00+00:00,33,1,36742,7766.75,7767.25,7764.25,7764.75,387,NQ.v.0
2019-06-21 16:08:00+00:00,33,1,36742,7764.5,7765.5,7763.0,7764.5,515,NQ.v.0
2019-06-21 16:09:00+00:00,33,1,36742,7764.25,7764.75,7763.5,7764.0,148,NQ.v.0
2019-06-21 16:10:00+00:00,33,1,36742,7764.25,7764.5,7760.0,7760.75,595,NQ.v.0
2019-06-21 16:11:00+00:00,33,1,36742,7760.75,7762.25,7759.25,7762.25,629,NQ.v.0
2019-06-21 16:12:00+00:00,33,1,36742,7762.25,7763.25,7760.5,7761.0,358,NQ.v.0
2019-06-21 16:13:00+00:00,33,1,36742,7761.0,7761.75,7759.75,7759.75,354,NQ.v.0
2019-06-21 16:14:00+00:00,33,1,36742,7760.0,7760.75,7756.5,7760.25,870,NQ.v.0
2019-06-21 16:15:00+00:00,33,1,36742,7760.25,7761.25,7757.75,7757.75,474,NQ.v.0
2019-06-21 16:16:00+00:00,33,1,36742,7758.0,7759.25,7756.75,7757.25,480,NQ.v.0
2019-06-21 16:17:00+00:00,33,1,36742,7757.25,7759.5,7756.25,7759.25,612,NQ.v.0
2019-06-21 16:18:00+00:00,33,1,36742,7759.0,7761.5,7756.0,7756.5,832,NQ.v.0
2019-06-21 16:19:00+00:00,33,1,36742,7756.75,7757.0,7752.0,7752.5,884,NQ.v.0
2019-06-21 16:20:00+00:00,33,1,36742,7752.5,7755.5,7752.0,7754.0,701,NQ.v.0
2019-06-21 16:21:00+00:00,33,1,36742,7753.75,7755.25,7752.75,7754.25,433,NQ.v.0
2019-06-21 16:22:00+00:00,33,1,36742,7754.0,7755.25,7752.5,7753.5,652,NQ.v.0
2019-06-21 16:23:00+00:00,33,1,36742,7753.5,7754.0,7751.25,7751.75,481,NQ.v.0
2019-06-21 16:24:00+00:00,33,1,36742,7751.5,7754.5,7751.25,7753.5,643,NQ.v.0
2019-06-21 16:25:00+00:00,33,1,36742,7753.5,7755.25,7752.75,7754.75,897,NQ.v.0
2019-06-21 16:26:00+00:00,33,1,36742,7755.25,7755.5,7753.25,7754.25,444,NQ.v.0
2019-06-21 16:27:00+00:00,33,1,36742,7754.0,7756.75,7753.0,7756.25,461,NQ.v.0
2019-06-21 16:28:00+00:00,33,1,36742,7756.0,7759.0,7755.5,7758.75,554,NQ.v.0
2019-06-21 16:29:00+00:00,33,1,36742,7758.5,7759.75,7757.75,7759.25,1173,NQ.v.0
2019-06-21 16:30:00+00:00,33,1,36742,7759.0,7759.25,7757.5,7759.25,409,NQ.v.0
2019-06-21 16:31:00+00:00,33,1,36742,7759.0,7760.75,7758.75,7760.5,435,NQ.v.0
2019-06-21 16:32:00+00:00,33,1,36742,7760.25,7760.25,7757.5,7758.0,402,NQ.v.0
2019-06-21 16:33:00+00:00,33,1,36742,7758.0,7758.25,7756.25,7757.75,428,NQ.v.0
2019-06-21 16:34:00+00:00,33,1,36742,7757.5,7758.25,7756.5,7756.5,160,NQ.v.0
2019-06-21 16:35:00+00:00,33,1,36742,7756.5,7758.5,7755.5,7756.75,576,NQ.v.0
2019-06-21 16:36:00+00:00,33,1,36742,7756.5,7757.25,7756.5,7757.0,470,NQ.v.0
2019-06-21 16:37:00+00:00,33,1,36742,7756.75,7757.5,7753.5,7754.25,984,NQ.v.0
2019-06-21 16:38:00+00:00,33,1,36742,7754.25,7757.5,7753.75,7757.25,431,NQ.v.0
2019-06-21 16:39:00+00:00,33,1,36742,7757.25,7761.5,7757.25,7759.75,1054,NQ.v.0
2019-06-21 16:40:00+00:00,33,1,36742,7759.5,7759.75,7757.75,7758.0,386,NQ.v.0
2019-06-21 16:41:00+00:00,33,1,36742,7758.0,7758.0,7755.25,7757.0,631,NQ.v.0
2019-06-21 16:42:00+00:00,33,1,36742,7757.0,7758.25,7756.75,7757.75,333,NQ.v.0
2019-06-21 16:43:00+00:00,33,1,36742,7758.0,7760.25,7758.0,7758.5,327,NQ.v.0
2019-06-21 16:44:00+00:00,33,1,36742,7758.75,7759.75,7758.5,7759.75,230,NQ.v.0
2019-06-21 16:45:00+00:00,33,1,36742,7759.75,7763.25,7759.75,7762.75,519,NQ.v.0
2019-06-21 16:46:00+00:00,33,1,36742,7762.75,7765.5,7762.75,7764.5,765,NQ.v.0
2019-06-21 16:47:00+00:00,33,1,36742,7764.75,7766.25,7764.0,7765.0,410,NQ.v.0
2019-06-21 16:48:00+00:00,33,1,36742,7764.75,7766.5,7763.5,7764.75,445,NQ.v.0
2019-06-21 16:49:00+00:00,33,1,36742,7764.75,7765.75,7764.0,7765.5,222,NQ.v.0
2019-06-21 16:50:00+00:00,33,1,36742,7766.0,7767.0,7764.75,7765.75,546,NQ.v.0
2019-06-21 16:51:00+00:00,33,1,36742,7766.0,7766.0,7764.25,7765.25,188,NQ.v.0
2019-06-21 16:52:00+00:00,33,1,36742,7765.25,7766.5,7764.25,7766.5,233,NQ.v.0
2019-06-21 16:53:00+00:00,33,1,36742,7766.5,7768.0,7765.5,7767.25,377,NQ.v.0
2019-06-21 16:54:00+00:00,33,1,36742,7767.25,7767.5,7765.75,7766.5,248,NQ.v.0
2019-06-21 16:55:00+00:00,33,1,36742,7766.25,7766.75,7764.25,7765.25,284,NQ.v.0
2019-06-21 16:56:00+00:00,33,1,36742,7765.25,7766.25,7764.25,7764.75,156,NQ.v.0
2019-06-21 16:57:00+00:00,33,1,36742,7764.75,7764.75,7761.75,7762.75,387,NQ.v.0
2019-06-21 16:58:00+00:00,33,1,36742,7763.0,7763.75,7762.25,7763.25,220,NQ.v.0
2019-06-21 16:59:00+00:00,33,1,36742,7763.25,7765.75,7763.25,7765.25,142,NQ.v.0
2019-06-21 17:00:00+00:00,33,1,36742,7765.25,7765.5,7763.75,7765.25,159,NQ.v.0
2019-06-21 17:01:00+00:00,33,1,36742,7765.0,7768.0,7765.0,7767.0,260,NQ.v.0
2019-06-21 17:02:00+00:00,33,1,36742,7767.0,7767.0,7761.5,7762.25,989,NQ.v.0
2019-06-21 17:03:00+00:00,33,1,36742,7762.25,7763.75,7760.75,7763.5,675,NQ.v.0
2019-06-21 17:04:00+00:00,33,1,36742,7763.75,7771.5,7763.25,7768.0,2609,NQ.v.0
2019-06-21 17:05:00+00:00,33,1,36742,7768.0,7770.5,7767.5,7768.5,471,NQ.v.0
2019-06-21 17:06:00+00:00,33,1,36742,7768.5,7769.0,7766.0,7767.75,305,NQ.v.0
2019-06-21 17:07:00+00:00,33,1,36742,7767.5,7768.5,7766.75,7767.5,166,NQ.v.0
2019-06-21 17:08:00+00:00,33,1,36742,7767.75,7770.5,7766.25,7769.25,261,NQ.v.0
2019-06-21 17:09:00+00:00,33,1,36742,7769.25,7769.75,7767.25,7768.5,141,NQ.v.0
2019-06-21 17:10:00+00:00,33,1,36742,7768.5,7769.75,7767.75,7769.5,121,NQ.v.0
2019-06-21 17:11:00+00:00,33,1,36742,7769.25,7769.75,7768.5,7768.75,84,NQ.v.0
2019-06-21 17:12:00+00:00,33,1,36742,7768.5,7770.0,7768.25,7769.5,163,NQ.v.0
2019-06-21 17:13:00+00:00,33,1,36742,7769.5,7769.75,7768.75,7769.0,201,NQ.v.0
2019-06-21 17:14:00+00:00,33,1,36742,7769.0,7769.0,7766.5,7767.5,256,NQ.v.0
2019-06-21 17:15:00+00:00,33,1,36742,7767.75,7768.25,7764.5,7765.75,269,NQ.v.0
2019-06-21 17:16:00+00:00,33,1,36742,7765.25,7766.75,7764.25,7765.5,239,NQ.v.0
2019-06-21 17:17:00+00:00,33,1,36742,7765.5,7767.0,7765.5,7766.75,159,NQ.v.0
2019-06-21 17:18:00+00:00,33,1,36742,7766.75,7767.25,7766.0,7766.25,116,NQ.v.0
2019-06-21 17:19:00+00:00,33,1,36742,7766.25,7768.0,7766.0,7766.25,132,NQ.v.0
2019-06-21 17:20:00+00:00,33,1,36742,7766.25,7768.0,7766.25,7767.25,127,NQ.v.0
2019-06-21 17:21:00+00:00,33,1,36742,7767.25,7767.25,7765.5,7766.25,108,NQ.v.0
2019-06-21 17:22:00+00:00,33,1,36742,7766.25,7766.25,7762.75,7763.75,312,NQ.v.0
2019-06-21 17:23:00+00:00,33,1,36742,7764.0,7764.0,7760.25,7761.5,720,NQ.v.0
2019-06-21 17:24:00+00:00,33,1,36742,7761.5,7763.75,7760.5,7763.75,1038,NQ.v.0
2019-06-21 17:25:00+00:00,33,1,36742,7764.0,7765.0,7761.25,7763.25,298,NQ.v.0
2019-06-21 17:26:00+00:00,33,1,36742,7763.25,7764.0,7761.75,7763.0,587,NQ.v.0
2019-06-21 17:27:00+00:00,33,1,36742,7763.0,7763.0,7760.5,7761.75,200,NQ.v.0
2019-06-21 17:28:00+00:00,33,1,36742,7762.0,7765.25,7761.75,7765.0,237,NQ.v.0
2019-06-21 17:29:00+00:00,33,1,36742,7765.25,7767.0,7764.5,7766.75,245,NQ.v.0
2019-06-21 17:30:00+00:00,33,1,36742,7767.0,7768.0,7766.5,7767.25,281,NQ.v.0
2019-06-21 17:31:00+00:00,33,1,36742,7767.25,7768.25,7764.75,7766.0,278,NQ.v.0
2019-06-21 17:32:00+00:00,33,1,36742,7766.25,7766.75,7765.25,7766.25,178,NQ.v.0
2019-06-21 17:33:00+00:00,33,1,36742,7766.5,7766.75,7765.25,7765.75,118,NQ.v.0
2019-06-21 17:34:00+00:00,33,1,36742,7765.75,7766.25,7764.5,7765.25,146,NQ.v.0
2019-06-21 17:35:00+00:00,33,1,36742,7765.25,7765.25,7763.25,7764.0,223,NQ.v.0
2019-06-21 17:36:00+00:00,33,1,36742,7764.0,7764.75,7763.25,7764.25,221,NQ.v.0
2019-06-21 17:37:00+00:00,33,1,36742,7764.5,7765.25,7763.5,7765.0,105,NQ.v.0
2019-06-21 17:38:00+00:00,33,1,36742,7765.0,7765.5,7763.5,7765.0,139,NQ.v.0
2019-06-21 17:39:00+00:00,33,1,36742,7764.75,7766.25,7764.25,7764.75,200,NQ.v.0
2019-06-21 17:40:00+00:00,33,1,36742,7765.0,7765.5,7763.5,7763.75,142,NQ.v.0
2019-06-21 17:41:00+00:00,33,1,36742,7764.0,7764.75,7763.0,7764.25,157,NQ.v.0
2019-06-21 17:42:00+00:00,33,1,36742,7763.75,7765.25,7762.75,7765.25,166,NQ.v.0
2019-06-21 17:43:00+00:00,33,1,36742,7765.25,7765.5,7763.75,7765.25,116,NQ.v.0
2019-06-21 17:44:00+00:00,33,1,36742,7764.75,7765.5,7763.5,7763.75,136,NQ.v.0
2019-06-21 17:45:00+00:00,33,1,36742,7763.75,7765.25,7763.0,7764.75,149,NQ.v.0
2019-06-21 17:46:00+00:00,33,1,36742,7764.75,7764.75,7763.5,7764.0,99,NQ.v.0
2019-06-21 17:47:00+00:00,33,1,36742,7764.25,7765.25,7764.0,7764.5,102,NQ.v.0
2019-06-21 17:48:00+00:00,33,1,36742,7764.75,7764.75,7763.75,7764.0,82,NQ.v.0
2019-06-21 17:49:00+00:00,33,1,36742,7764.25,7765.25,7763.75,7764.75,111,NQ.v.0
2019-06-21 17:50:00+00:00,33,1,36742,7764.5,7764.5,7763.0,7763.75,182,NQ.v.0
2019-06-21 17:51:00+00:00,33,1,36742,7764.0,7764.25,7763.25,7764.0,131,NQ.v.0
2019-06-21 17:52:00+00:00,33,1,36742,7763.75,7764.75,7763.0,7764.0,287,NQ.v.0
2019-06-21 17:53:00+00:00,33,1,36742,7764.0,7764.5,7763.25,7763.5,116,NQ.v.0
2019-06-21 17:54:00+00:00,33,1,36742,7763.5,7764.5,7763.25,7764.0,102,NQ.v.0
2019-06-21 17:55:00+00:00,33,1,36742,7764.0,7764.75,7762.75,7764.25,224,NQ.v.0
2019-06-21 17:56:00+00:00,33,1,36742,7764.25,7766.5,7764.25,7766.0,358,NQ.v.0
2019-06-21 17:57:00+00:00,33,1,36742,7765.75,7767.0,7765.25,7766.0,774,NQ.v.0
2019-06-21 17:58:00+00:00,33,1,36742,7766.25,7767.25,7765.75,7766.75,300,NQ.v.0
2019-06-21 17:59:00+00:00,33,1,36742,7766.75,7767.0,7765.5,7766.75,273,NQ.v.0
2019-06-21 18:00:00+00:00,33,1,36742,7766.5,7771.25,7765.75,7771.0,964,NQ.v.0
2019-06-21 18:01:00+00:00,33,1,36742,7771.0,7771.25,7768.75,7769.25,250,NQ.v.0
2019-06-21 18:02:00+00:00,33,1,36742,7769.25,7769.25,7767.25,7767.75,294,NQ.v.0
2019-06-21 18:03:00+00:00,33,1,36742,7767.5,7767.75,7763.75,7764.75,555,NQ.v.0
2019-06-21 18:04:00+00:00,33,1,36742,7764.5,7767.0,7764.5,7764.75,321,NQ.v.0
2019-06-21 18:05:00+00:00,33,1,36742,7764.75,7765.5,7763.75,7764.5,191,NQ.v.0
2019-06-21 18:06:00+00:00,33,1,36742,7764.75,7765.0,7762.5,7762.75,439,NQ.v.0
2019-06-21 18:07:00+00:00,33,1,36742,7763.25,7763.5,7761.25,7762.5,319,NQ.v.0
2019-06-21 18:08:00+00:00,33,1,36742,7762.5,7763.5,7761.25,7763.0,233,NQ.v.0
2019-06-21 18:09:00+00:00,33,1,36742,7763.0,7764.0,7762.5,7762.5,95,NQ.v.0
2019-06-21 18:10:00+00:00,33,1,36742,7762.5,7763.0,7761.5,7762.0,144,NQ.v.0
2019-06-21 18:11:00+00:00,33,1,36742,7762.0,7762.0,7759.25,7759.5,417,NQ.v.0
2019-06-21 18:12:00+00:00,33,1,36742,7760.0,7760.0,7758.0,7758.5,363,NQ.v.0
2019-06-21 18:13:00+00:00,33,1,36742,7758.5,7759.0,7757.0,7757.75,294,NQ.v.0
2019-06-21 18:14:00+00:00,33,1,36742,7757.5,7759.0,7757.25,7758.25,292,NQ.v.0
2019-06-21 18:15:00+00:00,33,1,36742,7758.5,7759.25,7757.25,7758.75,339,NQ.v.0
2019-06-21 18:16:00+00:00,33,1,36742,7758.75,7759.0,7757.5,7757.75,183,NQ.v.0
2019-06-21 18:17:00+00:00,33,1,36742,7758.0,7758.25,7757.25,7757.75,184,NQ.v.0
2019-06-21 18:18:00+00:00,33,1,36742,7757.5,7758.25,7757.0,7758.0,168,NQ.v.0
2019-06-21 18:19:00+00:00,33,1,36742,7757.5,7758.25,7757.0,7758.0,152,NQ.v.0
2019-06-21 18:20:00+00:00,33,1,36742,7758.0,7758.75,7755.25,7758.75,507,NQ.v.0
2019-06-21 18:21:00+00:00,33,1,36742,7759.0,7761.5,7758.75,7760.75,513,NQ.v.0
2019-06-21 18:22:00+00:00,33,1,36742,7760.75,7761.0,7758.75,7759.25,250,NQ.v.0
2019-06-21 18:23:00+00:00,33,1,36742,7759.0,7760.0,7759.0,7759.0,139,NQ.v.0
2019-06-21 18:24:00+00:00,33,1,36742,7759.25,7759.5,7758.5,7759.0,196,NQ.v.0
2019-06-21 18:25:00+00:00,33,1,36742,7759.0,7760.25,7758.5,7759.25,204,NQ.v.0
2019-06-21 18:26:00+00:00,33,1,36742,7759.75,7760.5,7759.25,7759.75,208,NQ.v.0
2019-06-21 18:27:00+00:00,33,1,36742,7759.5,7759.5,7758.25,7758.75,114,NQ.v.0
2019-06-21 18:28:00+00:00,33,1,36742,7758.75,7760.25,7758.75,7758.75,251,NQ.v.0
2019-06-21 18:29:00+00:00,33,1,36742,7759.0,7761.0,7758.5,7760.5,982,NQ.v.0
2019-06-21 18:30:00+00:00,33,1,36742,7760.75,7761.25,7758.25,7759.0,319,NQ.v.0
2019-06-21 18:31:00+00:00,33,1,36742,7759.5,7761.5,7759.5,7761.5,311,NQ.v.0
2019-06-21 18:32:00+00:00,33,1,36742,7761.75,7763.0,7760.75,7762.5,449,NQ.v.0
2019-06-21 18:33:00+00:00,33,1,36742,7762.75,7763.0,7761.5,7761.75,247,NQ.v.0
2019-06-21 18:34:00+00:00,33,1,36742,7762.0,7763.0,7761.5,7762.5,209,NQ.v.0
2019-06-21 18:35:00+00:00,33,1,36742,7762.5,7763.5,7760.75,7760.75,297,NQ.v.0
2019-06-21 18:36:00+00:00,33,1,36742,7761.0,7761.75,7760.5,7761.0,198,NQ.v.0
2019-06-21 18:37:00+00:00,33,1,36742,7761.25,7761.25,7760.25,7760.75,129,NQ.v.0
2019-06-21 18:38:00+00:00,33,1,36742,7760.5,7761.25,7760.5,7760.75,134,NQ.v.0
2019-06-21 18:39:00+00:00,33,1,36742,7760.75,7766.0,7760.5,7762.5,1382,NQ.v.0
2019-06-21 18:40:00+00:00,33,1,36742,7762.25,7763.75,7761.75,7763.5,316,NQ.v.0
2019-06-21 18:41:00+00:00,33,1,36742,7763.5,7764.5,7762.5,7762.75,248,NQ.v.0
2019-06-21 18:42:00+00:00,33,1,36742,7762.75,7763.75,7762.5,7763.5,177,NQ.v.0
2019-06-21 18:43:00+00:00,33,1,36742,7763.75,7765.75,7763.0,7763.25,381,NQ.v.0
2019-06-21 18:44:00+00:00,33,1,36742,7763.25,7763.75,7762.5,7763.0,182,NQ.v.0
2019-06-21 18:45:00+00:00,33,1,36742,7763.25,7765.25,7762.5,7764.5,229,NQ.v.0
2019-06-21 18:46:00+00:00,33,1,36742,7764.5,7765.25,7763.5,7765.25,163,NQ.v.0
2019-06-21 18:47:00+00:00,33,1,36742,7765.0,7766.0,7764.0,7765.25,205,NQ.v.0
2019-06-21 18:48:00+00:00,33,1,36742,7765.25,7767.0,7765.0,7766.75,211,NQ.v.0
2019-06-21 18:49:00+00:00,33,1,36742,7766.75,7768.0,7766.0,7767.75,294,NQ.v.0
2019-06-21 18:50:00+00:00,33,1,36742,7767.5,7768.5,7766.5,7768.5,315,NQ.v.0
2019-06-21 18:51:00+00:00,33,1,36742,7768.5,7769.5,7768.0,7768.75,236,NQ.v.0
2019-06-21 18:52:00+00:00,33,1,36742,7768.75,7768.75,7767.25,7768.0,206,NQ.v.0
2019-06-21 18:53:00+00:00,33,1,36742,7768.0,7768.5,7767.5,7768.25,139,NQ.v.0
2019-06-21 18:54:00+00:00,33,1,36742,7768.25,7768.5,7766.0,7766.25,161,NQ.v.0
2019-06-21 18:55:00+00:00,33,1,36742,7766.75,7768.5,7766.75,7767.25,192,NQ.v.0
2019-06-21 18:56:00+00:00,33,1,36742,7767.5,7767.5,7766.5,7767.25,100,NQ.v.0
2019-06-21 18:57:00+00:00,33,1,36742,7767.5,7767.75,7766.5,7767.75,184,NQ.v.0
2019-06-21 18:58:00+00:00,33,1,36742,7767.75,7767.75,7766.5,7767.0,122,NQ.v.0
2019-06-21 18:59:00+00:00,33,1,36742,7767.0,7767.75,7765.5,7765.75,176,NQ.v.0
2019-06-21 19:00:00+00:00,33,1,36742,7765.5,7768.75,7765.5,7767.75,238,NQ.v.0
2019-06-21 19:01:00+00:00,33,1,36742,7767.75,7768.0,7766.0,7766.5,243,NQ.v.0
2019-06-21 19:02:00+00:00,33,1,36742,7766.25,7767.25,7766.25,7767.0,77,NQ.v.0
2019-06-21 19:03:00+00:00,33,1,36742,7767.0,7768.25,7766.25,7768.25,104,NQ.v.0
2019-06-21 19:04:00+00:00,33,1,36742,7768.0,7768.5,7767.0,7767.0,122,NQ.v.0
2019-06-21 19:05:00+00:00,33,1,36742,7766.75,7767.25,7766.0,7766.5,72,NQ.v.0
2019-06-21 19:06:00+00:00,33,1,36742,7766.5,7767.25,7765.5,7765.5,205,NQ.v.0
2019-06-21 19:07:00+00:00,33,1,36742,7765.75,7770.75,7764.25,7770.25,1232,NQ.v.0
2019-06-21 19:08:00+00:00,33,1,36742,7770.0,7774.25,7769.5,7773.75,829,NQ.v.0
2019-06-21 19:09:00+00:00,33,1,36742,7773.75,7774.25,7772.0,7773.0,465,NQ.v.0
2019-06-21 19:10:00+00:00,33,1,36742,7773.25,7774.0,7772.75,7773.0,213,NQ.v.0
2019-06-21 19:11:00+00:00,33,1,36742,7772.75,7773.0,7771.5,7771.75,277,NQ.v.0
2019-06-21 19:12:00+00:00,33,1,36742,7772.0,7774.75,7771.5,7773.25,315,NQ.v.0
2019-06-21 19:13:00+00:00,33,1,36742,7773.25,7774.0,7772.75,7772.75,149,NQ.v.0
2019-06-21 19:14:00+00:00,33,1,36742,7772.75,7774.75,7772.5,7774.0,221,NQ.v.0
2019-06-21 19:15:00+00:00,33,1,36742,7774.0,7774.75,7772.5,7772.75,163,NQ.v.0
2019-06-21 19:16:00+00:00,33,1,36742,7772.75,7773.75,7772.75,7773.0,134,NQ.v.0
2019-06-21 19:17:00+00:00,33,1,36742,7772.75,7775.75,7772.75,7775.5,263,NQ.v.0
2019-06-21 19:18:00+00:00,33,1,36742,7775.75,7778.5,7775.25,7777.75,690,NQ.v.0
2019-06-21 19:19:00+00:00,33,1,36742,7777.75,7778.25,7776.0,7776.5,359,NQ.v.0
2019-06-21 19:20:00+00:00,33,1,36742,7776.5,7777.0,7774.25,7774.25,307,NQ.v.0
2019-06-21 19:21:00+00:00,33,1,36742,7774.5,7775.5,7774.25,7774.5,275,NQ.v.0
2019-06-21 19:22:00+00:00,33,1,36742,7774.75,7774.75,7773.5,7773.75,246,NQ.v.0
2019-06-21 19:23:00+00:00,33,1,36742,7773.5,7775.0,7773.5,7773.75,187,NQ.v.0
2019-06-21 19:24:00+00:00,33,1,36742,7774.0,7774.25,7771.25,7771.5,397,NQ.v.0
2019-06-21 19:25:00+00:00,33,1,36742,7771.5,7773.5,7770.25,7771.75,571,NQ.v.0
2019-06-21 19:26:00+00:00,33,1,36742,7771.75,7772.5,7771.25,7771.75,211,NQ.v.0
2019-06-21 19:27:00+00:00,33,1,36742,7771.5,7772.5,7771.25,7772.0,216,NQ.v.0
2019-06-21 19:28:00+00:00,33,1,36742,7771.5,7772.0,7770.5,7771.0,223,NQ.v.0
2019-06-21 19:29:00+00:00,33,1,36742,7771.0,7773.0,7769.0,7770.75,456,NQ.v.0
2019-06-21 19:30:00+00:00,33,1,36742,7771.0,7773.5,7769.75,7770.0,447,NQ.v.0
2019-06-21 19:31:00+00:00,33,1,36742,7770.25,7771.5,7768.5,7768.5,287,NQ.v.0
2019-06-21 19:32:00+00:00,33,1,36742,7768.25,7768.75,7766.75,7767.25,460,NQ.v.0
2019-06-21 19:33:00+00:00,33,1,36742,7767.25,7768.0,7766.0,7766.25,363,NQ.v.0
2019-06-21 19:34:00+00:00,33,1,36742,7766.25,7767.25,7765.75,7766.5,311,NQ.v.0
2019-06-21 19:35:00+00:00,33,1,36742,7766.75,7768.75,7766.0,7768.5,319,NQ.v.0
2019-06-21 19:36:00+00:00,33,1,36742,7768.5,7769.25,7766.75,7767.25,236,NQ.v.0
2019-06-21 19:37:00+00:00,33,1,36742,7767.25,7767.75,7765.25,7767.25,380,NQ.v.0
2019-06-21 19:38:00+00:00,33,1,36742,7767.25,7769.0,7767.0,7768.75,303,NQ.v.0
2019-06-21 19:39:00+00:00,33,1,36742,7769.0,7769.5,7767.5,7768.0,296,NQ.v.0
2019-06-21 19:40:00+00:00,33,1,36742,7768.25,7771.0,7768.25,7770.5,485,NQ.v.0
2019-06-21 19:41:00+00:00,33,1,36742,7770.75,7772.25,7770.0,7770.75,364,NQ.v.0
2019-06-21 19:42:00+00:00,33,1,36742,7770.5,7771.0,7769.5,7769.5,385,NQ.v.0
2019-06-21 19:43:00+00:00,33,1,36742,7769.25,7771.0,7769.25,7771.0,261,NQ.v.0
2019-06-21 19:44:00+00:00,33,1,36742,7771.0,7774.0,7770.5,7771.5,1430,NQ.v.0
2019-06-21 19:45:00+00:00,33,1,36742,7771.75,7774.25,7771.25,7771.75,755,NQ.v.0
2019-06-21 19:46:00+00:00,33,1,36742,7771.75,7771.75,7769.5,7771.0,541,NQ.v.0
2019-06-21 19:47:00+00:00,33,1,36742,7771.25,7771.25,7768.25,7768.5,464,NQ.v.0
2019-06-21 19:48:00+00:00,33,1,36742,7768.5,7768.5,7766.25,7766.25,472,NQ.v.0
2019-06-21 19:49:00+00:00,33,1,36742,7766.25,7770.75,7766.25,7769.0,1092,NQ.v.0
2019-06-21 19:50:00+00:00,33,1,36742,7769.0,7769.25,7763.25,7767.0,1602,NQ.v.0
2019-06-21 19:51:00+00:00,33,1,36742,7766.75,7767.5,7765.0,7765.25,782,NQ.v.0
2019-06-21 19:52:00+00:00,33,1,36742,7765.0,7765.5,7763.75,7764.75,612,NQ.v.0
2019-06-21 19:53:00+00:00,33,1,36742,7764.5,7766.5,7762.75,7765.25,1116,NQ.v.0
2019-06-21 19:54:00+00:00,33,1,36742,7765.25,7765.25,7760.5,7761.25,1351,NQ.v.0
2019-06-21 19:55:00+00:00,33,1,36742,7761.0,7766.75,7758.5,7763.25,2399,NQ.v.0
2019-06-21 19:56:00+00:00,33,1,36742,7763.25,7763.5,7760.75,7761.75,987,NQ.v.0
2019-06-21 19:57:00+00:00,33,1,36742,7761.25,7763.5,7760.5,7762.0,1333,NQ.v.0
2019-06-21 19:58:00+00:00,33,1,36742,7761.75,7762.25,7759.75,7759.75,1051,NQ.v.0
2019-06-21 19:59:00+00:00,33,1,36742,7759.75,7759.75,7752.25,7755.5,6496,NQ.v.0
2019-06-21 20:00:00+00:00,33,1,36742,7755.5,7765.5,7753.75,7765.0,4261,NQ.v.0
2019-06-21 20:01:00+00:00,33,1,36742,7764.75,7765.0,7761.5,7761.5,924,NQ.v.0
2019-06-21 20:02:00+00:00,33,1,36742,7761.5,7762.5,7758.5,7759.75,385,NQ.v.0
2019-06-21 20:03:00+00:00,33,1,36742,7759.75,7760.5,7756.5,7757.0,394,NQ.v.0
2019-06-21 20:04:00+00:00,33,1,36742,7757.0,7757.75,7754.5,7757.0,673,NQ.v.0
2019-06-21 20:05:00+00:00,33,1,36742,7757.0,7761.0,7757.0,7760.25,621,NQ.v.0
2019-06-21 20:06:00+00:00,33,1,36742,7760.25,7760.75,7758.75,7759.5,316,NQ.v.0
2019-06-21 20:07:00+00:00,33,1,36742,7759.5,7762.25,7759.25,7760.75,415,NQ.v.0
2019-06-21 20:08:00+00:00,33,1,36742,7760.5,7761.0,7758.75,7760.5,338,NQ.v.0
2019-06-21 20:09:00+00:00,33,1,36742,7760.75,7762.0,7759.75,7761.75,348,NQ.v.0
2019-06-21 20:10:00+00:00,33,1,36742,7761.5,7762.25,7760.75,7760.75,523,NQ.v.0
2019-06-21 20:11:00+00:00,33,1,36742,7760.75,7761.75,7758.5,7758.5,262,NQ.v.0
2019-06-21 20:12:00+00:00,33,1,36742,7758.25,7758.75,7754.75,7754.75,428,NQ.v.0
2019-06-21 20:13:00+00:00,33,1,36742,7754.75,7755.0,7752.0,7752.25,461,NQ.v.0
2019-06-21 20:14:00+00:00,33,1,36742,7752.5,7758.25,7749.75,7751.25,1954,NQ.v.0
2019-06-21 20:30:00+00:00,33,1,36742,7750.25,7753.5,7750.0,7752.5,116,NQ.v.0
2019-06-21 20:31:00+00:00,33,1,36742,7752.5,7753.0,7751.75,7752.5,50,NQ.v.0
2019-06-21 20:32:00+00:00,33,1,36742,7752.0,7752.0,7750.75,7751.25,47,NQ.v.0
2019-06-21 20:33:00+00:00,33,1,36742,7751.25,7752.0,7749.0,7750.25,55,NQ.v.0
2019-06-21 20:34:00+00:00,33,1,36742,7750.0,7752.25,7748.5,7750.25,124,NQ.v.0
2019-06-21 20:35:00+00:00,33,1,36742,7750.5,7750.5,7748.5,7749.5,47,NQ.v.0
2019-06-21 20:36:00+00:00,33,1,36742,7749.5,7750.75,7749.5,7750.25,38,NQ.v.0
2019-06-21 20:37:00+00:00,33,1,36742,7750.0,7751.5,7750.0,7750.75,77,NQ.v.0
2019-06-21 20:38:00+00:00,33,1,36742,7751.5,7751.5,7749.75,7751.0,31,NQ.v.0
2019-06-21 20:39:00+00:00,33,1,36742,7750.25,7751.25,7749.0,7750.0,41,NQ.v.0
2019-06-21 20:40:00+00:00,33,1,36742,7749.25,7750.75,7749.25,7750.75,21,NQ.v.0
2019-06-21 20:41:00+00:00,33,1,36742,7750.5,7751.0,7750.0,7750.0,27,NQ.v.0
2019-06-21 20:42:00+00:00,33,1,36742,7751.0,7751.0,7750.0,7750.5,8,NQ.v.0
2019-06-21 20:43:00+00:00,33,1,36742,7750.75,7751.0,7750.0,7750.75,41,NQ.v.0
2019-06-21 20:44:00+00:00,33,1,36742,7750.75,7751.0,7750.5,7751.0,14,NQ.v.0
2019-06-21 20:45:00+00:00,33,1,36742,7750.5,7751.25,7750.0,7751.0,38,NQ.v.0
2019-06-21 20:46:00+00:00,33,1,36742,7751.0,7752.0,7750.0,7750.25,75,NQ.v.0
2019-06-21 20:47:00+00:00,33,1,36742,7750.0,7751.0,7750.0,7750.25,53,NQ.v.0
2019-06-21 20:48:00+00:00,33,1,36742,7750.75,7752.25,7750.75,7752.0,89,NQ.v.0
2019-06-21 20:49:00+00:00,33,1,36742,7752.75,7753.25,7752.0,7753.0,135,NQ.v.0
2019-06-21 20:50:00+00:00,33,1,36742,7753.5,7753.75,7752.5,7753.25,139,NQ.v.0
2019-06-21 20:51:00+00:00,33,1,36742,7753.25,7753.25,7751.25,7751.25,63,NQ.v.0
2019-06-21 20:52:00+00:00,33,1,36742,7751.5,7751.75,7750.75,7750.75,61,NQ.v.0
2019-06-21 20:53:00+00:00,33,1,36742,7751.0,7752.0,7750.75,7751.0,35,NQ.v.0
2019-06-21 20:54:00+00:00,33,1,36742,7751.0,7751.5,7750.5,7751.0,39,NQ.v.0
2019-06-21 20:55:00+00:00,33,1,36742,7751.0,7751.5,7749.75,7750.0,66,NQ.v.0
2019-06-21 20:56:00+00:00,33,1,36742,7750.0,7750.0,7749.5,7749.75,20,NQ.v.0
2019-06-21 20:57:00+00:00,33,1,36742,7749.75,7749.75,7748.0,7748.0,68,NQ.v.0
2019-06-21 20:58:00+00:00,33,1,36742,7748.0,7748.5,7748.0,7748.0,74,NQ.v.0
2019-06-21 20:59:00+00:00,33,1,36742,7748.25,7749.25,7746.0,7746.75,164,NQ.v.0
