previous,current,gap_minutes,missing_bars,classification
2023-12-01 15:59:00-06:00,2023-12-03 17:00:00-06:00,2941,2940,weekend_close
2023-12-04 15:59:00-06:00,2023-12-04 17:00:00-06:00,61,60,daily_maintenance
2023-12-05 15:59:00-06:00,2023-12-05 17:00:00-06:00,61,60,daily_maintenance
2023-12-06 15:59:00-06:00,2023-12-06 17:00:00-06:00,61,60,daily_maintenance
2023-12-07 15:59:00-06:00,2023-12-07 17:00:00-06:00,61,60,daily_maintenance
2023-12-08 15:59:00-06:00,2023-12-10 17:00:00-06:00,2941,2940,weekend_close
2023-12-11 15:59:00-06:00,2023-12-11 17:00:00-06:00,61,60,daily_maintenance
2023-12-11 17:57:00-06:00,2023-12-11 17:59:00-06:00,2,1,potential_missing_intraday
2023-12-11 23:13:00-06:00,2023-12-11 23:15:00-06:00,2,1,potential_missing_intraday
2023-12-12 15:59:00-06:00,2023-12-12 17:00:00-06:00,61,60,daily_maintenance
2023-12-12 17:31:00-06:00,2023-12-12 17:33:00-06:00,2,1,potential_missing_intraday
2023-12-12 17:35:00-06:00,2023-12-12 17:37:00-06:00,2,1,potential_missing_intraday
2023-12-12 17:46:00-06:00,2023-12-12 17:48:00-06:00,2,1,potential_missing_intraday
2023-12-13 15:59:00-06:00,2023-12-13 17:00:00-06:00,61,60,daily_maintenance
2023-12-14 15:59:00-06:00,2023-12-14 17:00:00-06:00,61,60,daily_maintenance
2023-12-15 15:59:00-06:00,2023-12-17 17:00:00-06:00,2941,2940,weekend_close
2023-12-18 15:59:00-06:00,2023-12-18 17:00:00-06:00,61,60,daily_maintenance
2023-12-19 15:59:00-06:00,2023-12-19 17:00:00-06:00,61,60,daily_maintenance
2023-12-20 15:59:00-06:00,2023-12-20 17:00:00-06:00,61,60,daily_maintenance
2023-12-21 15:59:00-06:00,2023-12-21 17:00:00-06:00,61,60,daily_maintenance
2023-12-22 15:59:00-06:00,2023-12-25 17:00:00-06:00,4381,4380,holiday_or_scheduled_closure
2023-12-26 15:59:00-06:00,2023-12-26 17:00:00-06:00,61,60,daily_maintenance
2023-12-27 15:59:00-06:00,2023-12-27 17:00:00-06:00,61,60,daily_maintenance
2023-12-28 15:59:00-06:00,2023-12-28 17:00:00-06:00,61,60,daily_maintenance
2023-12-29 15:59:00-06:00,2024-01-01 17:00:00-06:00,4381,4380,holiday_or_scheduled_closure
2024-01-02 15:59:00-06:00,2024-01-02 17:00:00-06:00,61,60,daily_maintenance
2024-01-03 15:59:00-06:00,2024-01-03 17:00:00-06:00,61,60,daily_maintenance
2024-01-04 15:59:00-06:00,2024-01-04 17:00:00-06:00,61,60,daily_maintenance
2024-01-05 15:59:00-06:00,2024-01-07 17:00:00-06:00,2941,2940,weekend_close
2024-01-08 15:59:00-06:00,2024-01-08 17:00:00-06:00,61,60,daily_maintenance
2024-01-08 23:13:00-06:00,2024-01-08 23:15:00-06:00,2,1,potential_missing_intraday
2024-01-09 15:59:00-06:00,2024-01-09 17:00:00-06:00,61,60,daily_maintenance
2024-01-10 15:59:00-06:00,2024-01-10 17:00:00-06:00,61,60,daily_maintenance
2024-01-11 15:59:00-06:00,2024-01-11 17:00:00-06:00,61,60,daily_maintenance
2024-01-12 15:59:00-06:00,2024-01-14 17:00:00-06:00,2941,2940,weekend_close
2024-01-15 11:59:00-06:00,2024-01-15 17:00:00-06:00,301,300,holiday_or_scheduled_closure
2024-01-16 15:59:00-06:00,2024-01-16 17:00:00-06:00,61,60,daily_maintenance
2024-01-17 15:59:00-06:00,2024-01-17 17:00:00-06:00,61,60,daily_maintenance
2024-01-18 15:59:00-06:00,2024-01-18 17:00:00-06:00,61,60,daily_maintenance
2024-01-19 15:59:00-06:00,2024-01-21 17:00:00-06:00,2941,2940,weekend_close
2024-01-22 15:59:00-06:00,2024-01-22 17:00:00-06:00,61,60,daily_maintenance
2024-01-23 15:59:00-06:00,2024-01-23 17:00:00-06:00,61,60,daily_maintenance
2024-01-24 15:59:00-06:00,2024-01-24 17:00:00-06:00,61,60,daily_maintenance
2024-01-25 15:59:00-06:00,2024-01-25 17:00:00-06:00,61,60,daily_maintenance
2024-01-26 15:59:00-06:00,2024-01-28 17:00:00-06:00,2941,2940,weekend_close
2024-01-29 15:59:00-06:00,2024-01-29 17:00:00-06:00,61,60,daily_maintenance
2024-01-29 23:13:00-06:00,2024-01-29 23:15:00-06:00,2,1,potential_missing_intraday
2024-01-30 15:59:00-06:00,2024-01-30 17:00:00-06:00,61,60,daily_maintenance
2024-01-31 15:59:00-06:00,2024-01-31 17:00:00-06:00,61,60,daily_maintenance
2024-02-01 15:59:00-06:00,2024-02-01 17:00:00-06:00,61,60,daily_maintenance
2024-02-02 15:59:00-06:00,2024-02-04 17:00:00-06:00,2941,2940,weekend_close
2024-02-05 15:59:00-06:00,2024-02-05 17:00:00-06:00,61,60,daily_maintenance
2024-02-06 15:59:00-06:00,2024-02-06 17:00:00-06:00,61,60,daily_maintenance
2024-02-07 15:59:00-06:00,2024-02-07 17:00:00-06:00,61,60,daily_maintenance
2024-02-08 15:59:00-06:00,2024-02-08 17:00:00-06:00,61,60,daily_maintenance
2024-02-08 17:27:00-06:00,2024-02-08 17:29:00-06:00,2,1,potential_missing_intraday
2024-02-09 15:59:00-06:00,2024-02-11 17:00:00-06:00,2941,2940,weekend_close
2024-02-11 20:48:00-06:00,2024-02-11 20:50:00-06:00,2,1,potential_missing_intraday
2024-02-11 20:52:00-06:00,2024-02-11 20:54:00-06:00,2,1,potential_missing_intraday
2024-02-11 20:55:00-06:00,2024-02-11 20:57:00-06:00,2,1,potential_missing_intraday
2024-02-11 21:43:00-06:00,2024-02-11 21:45:00-06:00,2,1,potential_missing_intraday
2024-02-11 23:20:00-06:00,2024-02-11 23:22:00-06:00,2,1,potential_missing_intraday
2024-02-12 00:22:00-06:00,2024-02-12 00:24:00-06:00,2,1,potential_missing_intraday
2024-02-12 00:57:00-06:00,2024-02-12 00:59:00-06:00,2,1,potential_missing_intraday
2024-02-12 15:59:00-06:00,2024-02-12 17:00:00-06:00,61,60,daily_maintenance
2024-02-13 15:59:00-06:00,2024-02-13 17:00:00-06:00,61,60,daily_maintenance
2024-02-14 15:59:00-06:00,2024-02-14 17:00:00-06:00,61,60,daily_maintenance
2024-02-15 15:59:00-06:00,2024-02-15 17:00:00-06:00,61,60,daily_maintenance
2024-02-16 15:59:00-06:00,2024-02-18 17:00:00-06:00,2941,2940,weekend_close
2024-02-19 11:59:00-06:00,2024-02-19 17:00:00-06:00,301,300,holiday_or_scheduled_closure
2024-02-20 15:59:00-06:00,2024-02-20 17:00:00-06:00,61,60,daily_maintenance
2024-02-21 15:59:00-06:00,2024-02-21 17:00:00-06:00,61,60,daily_maintenance
2024-02-22 15:59:00-06:00,2024-02-22 17:00:00-06:00,61,60,daily_maintenance
2024-02-23 15:59:00-06:00,2024-02-25 17:00:00-06:00,2941,2940,weekend_close
2024-02-26 15:59:00-06:00,2024-02-26 17:00:00-06:00,61,60,daily_maintenance
2024-02-27 15:59:00-06:00,2024-02-27 17:00:00-06:00,61,60,daily_maintenance
2024-02-28 15:59:00-06:00,2024-02-28 17:00:00-06:00,61,60,daily_maintenance
2024-02-29 15:59:00-06:00,2024-02-29 17:00:00-06:00,61,60,daily_maintenance
2024-03-01 15:59:00-06:00,2024-03-03 17:00:00-06:00,2941,2940,weekend_close
2024-03-04 15:59:00-06:00,2024-03-04 17:00:00-06:00,61,60,daily_maintenance
2024-03-05 15:59:00-06:00,2024-03-05 17:00:00-06:00,61,60,daily_maintenance
2024-03-06 15:59:00-06:00,2024-03-06 17:00:00-06:00,61,60,daily_maintenance
2024-03-07 15:59:00-06:00,2024-03-07 17:00:00-06:00,61,60,daily_maintenance
2024-03-08 15:59:00-06:00,2024-03-10 17:00:00-05:00,2881,2880,weekend_close
2024-03-11 15:59:00-05:00,2024-03-11 17:00:00-05:00,61,60,daily_maintenance
2024-03-11 17:50:00-05:00,2024-03-11 17:52:00-05:00,2,1,potential_missing_intraday
2024-03-11 17:56:00-05:00,2024-03-11 17:58:00-05:00,2,1,potential_missing_intraday
2024-03-11 18:31:00-05:00,2024-03-11 18:33:00-05:00,2,1,potential_missing_intraday
2024-03-11 18:33:00-05:00,2024-03-11 18:35:00-05:00,2,1,potential_missing_intraday
2024-03-11 20:40:00-05:00,2024-03-11 20:42:00-05:00,2,1,potential_missing_intraday
2024-03-11 21:39:00-05:00,2024-03-11 21:41:00-05:00,2,1,potential_missing_intraday
2024-03-11 21:57:00-05:00,2024-03-11 21:59:00-05:00,2,1,potential_missing_intraday
2024-03-11 22:58:00-05:00,2024-03-11 23:00:00-05:00,2,1,potential_missing_intraday
2024-03-11 23:16:00-05:00,2024-03-11 23:19:00-05:00,3,2,potential_missing_intraday
2024-03-11 23:24:00-05:00,2024-03-11 23:26:00-05:00,2,1,potential_missing_intraday
2024-03-11 23:45:00-05:00,2024-03-11 23:47:00-05:00,2,1,potential_missing_intraday
2024-03-11 23:47:00-05:00,2024-03-11 23:49:00-05:00,2,1,potential_missing_intraday
2024-03-12 15:59:00-05:00,2024-03-12 17:00:00-05:00,61,60,daily_maintenance
2024-03-12 17:45:00-05:00,2024-03-12 17:47:00-05:00,2,1,potential_missing_intraday
2024-03-12 17:47:00-05:00,2024-03-12 17:50:00-05:00,3,2,potential_missing_intraday
2024-03-12 17:55:00-05:00,2024-03-12 17:57:00-05:00,2,1,potential_missing_intraday
2024-03-12 18:10:00-05:00,2024-03-12 18:12:00-05:00,2,1,potential_missing_intraday
2024-03-12 18:25:00-05:00,2024-03-12 18:27:00-05:00,2,1,potential_missing_intraday
2024-03-12 18:47:00-05:00,2024-03-12 18:49:00-05:00,2,1,potential_missing_intraday
2024-03-12 18:53:00-05:00,2024-03-12 18:56:00-05:00,3,2,potential_missing_intraday
2024-03-12 18:58:00-05:00,2024-03-12 19:00:00-05:00,2,1,potential_missing_intraday
2024-03-13 15:59:00-05:00,2024-03-13 17:00:00-05:00,61,60,daily_maintenance
2024-03-14 15:59:00-05:00,2024-03-14 17:00:00-05:00,61,60,daily_maintenance
2024-03-15 15:59:00-05:00,2024-03-17 17:00:00-05:00,2941,2940,weekend_close
2024-03-18 15:59:00-05:00,2024-03-18 17:00:00-05:00,61,60,daily_maintenance
2024-03-19 15:59:00-05:00,2024-03-19 17:00:00-05:00,61,60,daily_maintenance
2024-03-20 15:59:00-05:00,2024-03-20 17:00:00-05:00,61,60,daily_maintenance
2024-03-21 15:59:00-05:00,2024-03-21 17:00:00-05:00,61,60,daily_maintenance
2024-03-22 15:59:00-05:00,2024-03-24 17:00:00-05:00,2941,2940,weekend_close
2024-03-25 15:59:00-05:00,2024-03-25 17:00:00-05:00,61,60,daily_maintenance
2024-03-26 15:59:00-05:00,2024-03-26 17:00:00-05:00,61,60,daily_maintenance
2024-03-27 15:59:00-05:00,2024-03-27 17:00:00-05:00,61,60,daily_maintenance
2024-03-28 15:59:00-05:00,2024-03-31 17:00:00-05:00,4381,4380,holiday_or_scheduled_closure
2024-04-01 15:59:00-05:00,2024-04-01 17:00:00-05:00,61,60,daily_maintenance
2024-04-02 15:59:00-05:00,2024-04-02 17:00:00-05:00,61,60,daily_maintenance
2024-04-03 15:59:00-05:00,2024-04-03 17:00:00-05:00,61,60,daily_maintenance
2024-04-04 15:59:00-05:00,2024-04-04 17:00:00-05:00,61,60,daily_maintenance
2024-04-05 15:59:00-05:00,2024-04-07 17:00:00-05:00,2941,2940,weekend_close
2024-04-08 15:59:00-05:00,2024-04-08 17:00:00-05:00,61,60,daily_maintenance
2024-04-09 15:59:00-05:00,2024-04-09 17:00:00-05:00,61,60,daily_maintenance
2024-04-10 00:20:00-05:00,2024-04-10 00:22:00-05:00,2,1,potential_missing_intraday
2024-04-10 15:59:00-05:00,2024-04-10 17:00:00-05:00,61,60,daily_maintenance
2024-04-11 15:59:00-05:00,2024-04-11 17:00:00-05:00,61,60,daily_maintenance
2024-04-11 23:49:00-05:00,2024-04-11 23:51:00-05:00,2,1,potential_missing_intraday
2024-04-12 15:59:00-05:00,2024-04-14 17:00:00-05:00,2941,2940,weekend_close
2024-04-15 15:59:00-05:00,2024-04-15 17:00:00-05:00,61,60,daily_maintenance
2024-04-16 15:59:00-05:00,2024-04-16 17:00:00-05:00,61,60,daily_maintenance
2024-04-17 15:59:00-05:00,2024-04-17 17:00:00-05:00,61,60,daily_maintenance
2024-04-18 15:59:00-05:00,2024-04-18 17:00:00-05:00,61,60,daily_maintenance
2024-04-19 15:59:00-05:00,2024-04-21 17:00:00-05:00,2941,2940,weekend_close
2024-04-22 15:59:00-05:00,2024-04-22 17:00:00-05:00,61,60,daily_maintenance
2024-04-23 15:59:00-05:00,2024-04-23 17:00:00-05:00,61,60,daily_maintenance
2024-04-24 15:59:00-05:00,2024-04-24 17:00:00-05:00,61,60,daily_maintenance
2024-04-25 15:59:00-05:00,2024-04-25 17:00:00-05:00,61,60,daily_maintenance
2024-04-26 15:59:00-05:00,2024-04-28 17:00:00-05:00,2941,2940,weekend_close
2024-04-29 15:59:00-05:00,2024-04-29 17:00:00-05:00,61,60,daily_maintenance
2024-04-30 15:59:00-05:00,2024-04-30 17:00:00-05:00,61,60,daily_maintenance
2024-05-01 15:59:00-05:00,2024-05-01 17:00:00-05:00,61,60,daily_maintenance
2024-05-01 23:13:00-05:00,2024-05-01 23:15:00-05:00,2,1,potential_missing_intraday
2024-05-02 15:59:00-05:00,2024-05-02 17:00:00-05:00,61,60,daily_maintenance
2024-05-03 15:59:00-05:00,2024-05-05 17:00:00-05:00,2941,2940,weekend_close
2024-05-06 15:59:00-05:00,2024-05-06 17:00:00-05:00,61,60,daily_maintenance
2024-05-06 23:16:00-05:00,2024-05-06 23:18:00-05:00,2,1,potential_missing_intraday
2024-05-06 23:57:00-05:00,2024-05-06 23:59:00-05:00,2,1,potential_missing_intraday
2024-05-07 15:59:00-05:00,2024-05-07 17:00:00-05:00,61,60,daily_maintenance
2024-05-07 23:46:00-05:00,2024-05-07 23:48:00-05:00,2,1,potential_missing_intraday
2024-05-08 15:59:00-05:00,2024-05-08 17:00:00-05:00,61,60,daily_maintenance
2024-05-08 18:37:00-05:00,2024-05-08 18:39:00-05:00,2,1,potential_missing_intraday
2024-05-08 23:48:00-05:00,2024-05-08 23:50:00-05:00,2,1,potential_missing_intraday
2024-05-09 15:59:00-05:00,2024-05-09 17:00:00-05:00,61,60,daily_maintenance
2024-05-10 15:59:00-05:00,2024-05-12 17:00:00-05:00,2941,2940,weekend_close
2024-05-13 15:59:00-05:00,2024-05-13 17:00:00-05:00,61,60,daily_maintenance
2024-05-14 15:59:00-05:00,2024-05-14 17:00:00-05:00,61,60,daily_maintenance
2024-05-15 15:59:00-05:00,2024-05-15 17:00:00-05:00,61,60,daily_maintenance
2024-05-16 15:59:00-05:00,2024-05-16 17:00:00-05:00,61,60,daily_maintenance
2024-05-16 18:25:00-05:00,2024-05-16 18:27:00-05:00,2,1,potential_missing_intraday
2024-05-17 15:59:00-05:00,2024-05-19 17:00:00-05:00,2941,2940,weekend_close
2024-05-20 15:59:00-05:00,2024-05-20 17:00:00-05:00,61,60,daily_maintenance
2024-05-20 17:22:00-05:00,2024-05-20 17:24:00-05:00,2,1,potential_missing_intraday
2024-05-20 19:20:00-05:00,2024-05-20 19:22:00-05:00,2,1,potential_missing_intraday
2024-05-21 15:59:00-05:00,2024-05-21 17:00:00-05:00,61,60,daily_maintenance
2024-05-22 15:59:00-05:00,2024-05-22 17:00:00-05:00,61,60,daily_maintenance
2024-05-23 15:59:00-05:00,2024-05-23 17:00:00-05:00,61,60,daily_maintenance
2024-05-24 15:59:00-05:00,2024-05-26 17:00:00-05:00,2941,2940,weekend_close
2024-05-27 11:59:00-05:00,2024-05-27 17:00:00-05:00,301,300,holiday_or_scheduled_closure
2024-05-28 15:59:00-05:00,2024-05-28 17:00:00-05:00,61,60,daily_maintenance
2024-05-29 15:59:00-05:00,2024-05-29 17:00:00-05:00,61,60,daily_maintenance
2024-05-30 15:59:00-05:00,2024-05-30 17:00:00-05:00,61,60,daily_maintenance
2024-05-31 15:59:00-05:00,2024-06-02 17:00:00-05:00,2941,2940,weekend_close
2024-06-03 15:59:00-05:00,2024-06-03 17:00:00-05:00,61,60,daily_maintenance
2024-06-04 15:59:00-05:00,2024-06-04 17:00:00-05:00,61,60,daily_maintenance
2024-06-05 15:59:00-05:00,2024-06-05 17:00:00-05:00,61,60,daily_maintenance
2024-06-06 15:59:00-05:00,2024-06-06 17:00:00-05:00,61,60,daily_maintenance
2024-06-06 22:08:00-05:00,2024-06-06 22:10:00-05:00,2,1,potential_missing_intraday
2024-06-07 15:59:00-05:00,2024-06-09 17:00:00-05:00,2941,2940,weekend_close
2024-06-09 23:12:00-05:00,2024-06-09 23:14:00-05:00,2,1,potential_missing_intraday
2024-06-10 15:59:00-05:00,2024-06-10 17:00:00-05:00,61,60,daily_maintenance
2024-06-11 15:59:00-05:00,2024-06-11 17:00:00-05:00,61,60,daily_maintenance
2024-06-12 15:59:00-05:00,2024-06-12 17:00:00-05:00,61,60,daily_maintenance
2024-06-13 15:59:00-05:00,2024-06-13 17:00:00-05:00,61,60,daily_maintenance
2024-06-14 15:59:00-05:00,2024-06-16 17:00:00-05:00,2941,2940,weekend_close
2024-06-16 22:05:00-05:00,2024-06-16 22:07:00-05:00,2,1,potential_missing_intraday
2024-06-17 15:59:00-05:00,2024-06-17 17:00:00-05:00,61,60,daily_maintenance
2024-06-17 17:57:00-05:00,2024-06-17 17:59:00-05:00,2,1,potential_missing_intraday
2024-06-17 18:33:00-05:00,2024-06-17 18:35:00-05:00,2,1,potential_missing_intraday
2024-06-17 22:49:00-05:00,2024-06-17 22:51:00-05:00,2,1,potential_missing_intraday
2024-06-18 15:59:00-05:00,2024-06-18 17:00:00-05:00,61,60,daily_maintenance
2024-06-18 17:15:00-05:00,2024-06-18 17:17:00-05:00,2,1,potential_missing_intraday
2024-06-18 17:28:00-05:00,2024-06-18 17:30:00-05:00,2,1,potential_missing_intraday
2024-06-18 17:45:00-05:00,2024-06-18 17:47:00-05:00,2,1,potential_missing_intraday
2024-06-18 17:48:00-05:00,2024-06-18 17:50:00-05:00,2,1,potential_missing_intraday
2024-06-18 17:50:00-05:00,2024-06-18 17:52:00-05:00,2,1,potential_missing_intraday
2024-06-18 17:59:00-05:00,2024-06-18 18:01:00-05:00,2,1,potential_missing_intraday
2024-06-18 18:03:00-05:00,2024-06-18 18:06:00-05:00,3,2,potential_missing_intraday
2024-06-18 18:06:00-05:00,2024-06-18 18:08:00-05:00,2,1,potential_missing_intraday
2024-06-18 18:08:00-05:00,2024-06-18 18:11:00-05:00,3,2,potential_missing_intraday
2024-06-18 18:16:00-05:00,2024-06-18 18:18:00-05:00,2,1,potential_missing_intraday
2024-06-18 18:36:00-05:00,2024-06-18 18:38:00-05:00,2,1,potential_missing_intraday
2024-06-18 18:46:00-05:00,2024-06-18 18:48:00-05:00,2,1,potential_missing_intraday
2024-06-18 18:55:00-05:00,2024-06-18 18:57:00-05:00,2,1,potential_missing_intraday
2024-06-19 11:59:00-05:00,2024-06-19 17:00:00-05:00,301,300,holiday_or_scheduled_closure
2024-06-20 15:59:00-05:00,2024-06-20 17:00:00-05:00,61,60,daily_maintenance
2024-06-21 15:59:00-05:00,2024-06-23 17:00:00-05:00,2941,2940,weekend_close
2024-06-24 15:59:00-05:00,2024-06-24 17:00:00-05:00,61,60,daily_maintenance
2024-06-25 15:59:00-05:00,2024-06-25 17:00:00-05:00,61,60,daily_maintenance
2024-06-26 15:59:00-05:00,2024-06-26 17:00:00-05:00,61,60,daily_maintenance
2024-06-27 15:59:00-05:00,2024-06-27 17:00:00-05:00,61,60,daily_maintenance
2024-06-28 15:59:00-05:00,2024-06-30 17:00:00-05:00,2941,2940,weekend_close
2024-07-01 15:59:00-05:00,2024-07-01 17:00:00-05:00,61,60,daily_maintenance
2024-07-02 15:59:00-05:00,2024-07-02 17:00:00-05:00,61,60,daily_maintenance
2024-07-03 12:14:00-05:00,2024-07-03 17:00:00-05:00,286,285,holiday_or_scheduled_closure
2024-07-03 18:17:00-05:00,2024-07-03 18:19:00-05:00,2,1,potential_missing_intraday
2024-07-03 21:58:00-05:00,2024-07-03 22:00:00-05:00,2,1,potential_missing_intraday
2024-07-03 23:03:00-05:00,2024-07-03 23:05:00-05:00,2,1,potential_missing_intraday
2024-07-04 11:59:00-05:00,2024-07-04 17:00:00-05:00,301,300,holiday_or_scheduled_closure
2024-07-04 22:54:00-05:00,2024-07-04 22:56:00-05:00,2,1,potential_missing_intraday
2024-07-05 15:59:00-05:00,2024-07-07 17:00:00-05:00,2941,2940,weekend_close
2024-07-08 15:59:00-05:00,2024-07-08 17:00:00-05:00,61,60,daily_maintenance
2024-07-08 17:50:00-05:00,2024-07-08 17:52:00-05:00,2,1,potential_missing_intraday
2024-07-09 15:59:00-05:00,2024-07-09 17:00:00-05:00,61,60,daily_maintenance
2024-07-10 15:59:00-05:00,2024-07-10 17:00:00-05:00,61,60,daily_maintenance
2024-07-11 15:59:00-05:00,2024-07-11 17:00:00-05:00,61,60,daily_maintenance
2024-07-12 15:59:00-05:00,2024-07-14 17:00:00-05:00,2941,2940,weekend_close
2024-07-15 15:59:00-05:00,2024-07-15 17:00:00-05:00,61,60,daily_maintenance
2024-07-16 15:59:00-05:00,2024-07-16 17:00:00-05:00,61,60,daily_maintenance
2024-07-17 15:59:00-05:00,2024-07-17 17:00:00-05:00,61,60,daily_maintenance
2024-07-18 15:59:00-05:00,2024-07-18 17:00:00-05:00,61,60,daily_maintenance
2024-07-19 15:59:00-05:00,2024-07-21 17:00:00-05:00,2941,2940,weekend_close
2024-07-22 15:59:00-05:00,2024-07-22 17:00:00-05:00,61,60,daily_maintenance
2024-07-23 15:59:00-05:00,2024-07-23 17:00:00-05:00,61,60,daily_maintenance
2024-07-24 15:59:00-05:00,2024-07-24 17:00:00-05:00,61,60,daily_maintenance
2024-07-25 15:59:00-05:00,2024-07-25 17:00:00-05:00,61,60,daily_maintenance
2024-07-26 15:59:00-05:00,2024-07-28 17:00:00-05:00,2941,2940,weekend_close
2024-07-28 23:38:00-05:00,2024-07-28 23:40:00-05:00,2,1,potential_missing_intraday
2024-07-29 15:59:00-05:00,2024-07-29 17:00:00-05:00,61,60,daily_maintenance
2024-07-29 17:28:00-05:00,2024-07-29 17:30:00-05:00,2,1,potential_missing_intraday
2024-07-30 15:59:00-05:00,2024-07-30 17:00:00-05:00,61,60,daily_maintenance
2024-07-31 15:59:00-05:00,2024-07-31 17:00:00-05:00,61,60,daily_maintenance
2024-08-01 15:59:00-05:00,2024-08-01 17:00:00-05:00,61,60,daily_maintenance
2024-08-02 15:59:00-05:00,2024-08-04 17:00:00-05:00,2941,2940,weekend_close
2024-08-05 15:59:00-05:00,2024-08-05 17:00:00-05:00,61,60,daily_maintenance
2024-08-06 15:59:00-05:00,2024-08-06 17:00:00-05:00,61,60,daily_maintenance
2024-08-07 15:59:00-05:00,2024-08-07 17:00:00-05:00,61,60,daily_maintenance
2024-08-08 15:59:00-05:00,2024-08-08 17:00:00-05:00,61,60,daily_maintenance
2024-08-09 15:59:00-05:00,2024-08-11 17:00:00-05:00,2941,2940,weekend_close
2024-08-12 15:59:00-05:00,2024-08-12 17:00:00-05:00,61,60,daily_maintenance
2024-08-13 15:59:00-05:00,2024-08-13 17:00:00-05:00,61,60,daily_maintenance
2024-08-14 15:59:00-05:00,2024-08-14 17:00:00-05:00,61,60,daily_maintenance
2024-08-15 15:59:00-05:00,2024-08-15 17:00:00-05:00,61,60,daily_maintenance
2024-08-16 15:59:00-05:00,2024-08-18 17:00:00-05:00,2941,2940,weekend_close
2024-08-18 21:38:00-05:00,2024-08-18 21:40:00-05:00,2,1,potential_missing_intraday
2024-08-19 15:59:00-05:00,2024-08-19 17:00:00-05:00,61,60,daily_maintenance
2024-08-20 15:59:00-05:00,2024-08-20 17:00:00-05:00,61,60,daily_maintenance
2024-08-20 18:55:00-05:00,2024-08-20 18:57:00-05:00,2,1,potential_missing_intraday
2024-08-21 15:59:00-05:00,2024-08-21 17:00:00-05:00,61,60,daily_maintenance
2024-08-22 15:59:00-05:00,2024-08-22 17:00:00-05:00,61,60,daily_maintenance
2024-08-23 15:59:00-05:00,2024-08-25 17:00:00-05:00,2941,2940,weekend_close
2024-08-25 23:58:00-05:00,2024-08-26 00:00:00-05:00,2,1,potential_missing_intraday
2024-08-26 15:59:00-05:00,2024-08-26 17:00:00-05:00,61,60,daily_maintenance
2024-08-27 15:59:00-05:00,2024-08-27 17:00:00-05:00,61,60,daily_maintenance
2024-08-28 15:59:00-05:00,2024-08-28 17:00:00-05:00,61,60,daily_maintenance
2024-08-29 15:59:00-05:00,2024-08-29 17:00:00-05:00,61,60,daily_maintenance
2024-08-30 15:59:00-05:00,2024-09-01 17:00:00-05:00,2941,2940,weekend_close
2024-09-02 11:59:00-05:00,2024-09-02 17:00:00-05:00,301,300,holiday_or_scheduled_closure
2024-09-02 23:49:00-05:00,2024-09-02 23:51:00-05:00,2,1,potential_missing_intraday
2024-09-03 15:59:00-05:00,2024-09-03 17:00:00-05:00,61,60,daily_maintenance
2024-09-04 15:59:00-05:00,2024-09-04 17:00:00-05:00,61,60,daily_maintenance
2024-09-05 15:59:00-05:00,2024-09-05 17:00:00-05:00,61,60,daily_maintenance
2024-09-06 15:59:00-05:00,2024-09-08 17:00:00-05:00,2941,2940,weekend_close
2024-09-09 15:59:00-05:00,2024-09-09 17:00:00-05:00,61,60,daily_maintenance
2024-09-10 15:59:00-05:00,2024-09-10 17:00:00-05:00,61,60,daily_maintenance
2024-09-11 15:59:00-05:00,2024-09-11 17:00:00-05:00,61,60,daily_maintenance
2024-09-12 15:59:00-05:00,2024-09-12 17:00:00-05:00,61,60,daily_maintenance
2024-09-12 23:23:00-05:00,2024-09-12 23:25:00-05:00,2,1,potential_missing_intraday
2024-09-13 15:59:00-05:00,2024-09-15 17:00:00-05:00,2941,2940,weekend_close
2024-09-15 21:30:00-05:00,2024-09-15 21:32:00-05:00,2,1,potential_missing_intraday
2024-09-15 22:41:00-05:00,2024-09-15 22:43:00-05:00,2,1,potential_missing_intraday
2024-09-15 23:01:00-05:00,2024-09-15 23:04:00-05:00,3,2,potential_missing_intraday
2024-09-15 23:11:00-05:00,2024-09-15 23:13:00-05:00,2,1,potential_missing_intraday
2024-09-15 23:24:00-05:00,2024-09-15 23:26:00-05:00,2,1,potential_missing_intraday
2024-09-15 23:26:00-05:00,2024-09-15 23:30:00-05:00,4,3,potential_missing_intraday
2024-09-15 23:31:00-05:00,2024-09-15 23:33:00-05:00,2,1,potential_missing_intraday
2024-09-15 23:33:00-05:00,2024-09-15 23:35:00-05:00,2,1,potential_missing_intraday
2024-09-15 23:40:00-05:00,2024-09-15 23:42:00-05:00,2,1,potential_missing_intraday
2024-09-15 23:45:00-05:00,2024-09-15 23:47:00-05:00,2,1,potential_missing_intraday
2024-09-15 23:48:00-05:00,2024-09-15 23:50:00-05:00,2,1,potential_missing_intraday
2024-09-15 23:58:00-05:00,2024-09-16 00:02:00-05:00,4,3,potential_missing_intraday
2024-09-16 00:28:00-05:00,2024-09-16 00:30:00-05:00,2,1,potential_missing_intraday
2024-09-16 15:59:00-05:00,2024-09-16 17:00:00-05:00,61,60,daily_maintenance
2024-09-16 20:09:00-05:00,2024-09-16 20:11:00-05:00,2,1,potential_missing_intraday
2024-09-16 23:11:00-05:00,2024-09-16 23:13:00-05:00,2,1,potential_missing_intraday
2024-09-16 23:18:00-05:00,2024-09-16 23:20:00-05:00,2,1,potential_missing_intraday
2024-09-17 15:59:00-05:00,2024-09-17 17:00:00-05:00,61,60,daily_maintenance
2024-09-17 17:02:00-05:00,2024-09-17 17:04:00-05:00,2,1,potential_missing_intraday
2024-09-17 17:47:00-05:00,2024-09-17 17:49:00-05:00,2,1,potential_missing_intraday
2024-09-17 18:23:00-05:00,2024-09-17 18:25:00-05:00,2,1,potential_missing_intraday
2024-09-17 18:36:00-05:00,2024-09-17 18:38:00-05:00,2,1,potential_missing_intraday
2024-09-18 15:59:00-05:00,2024-09-18 17:00:00-05:00,61,60,daily_maintenance
2024-09-19 15:59:00-05:00,2024-09-19 17:00:00-05:00,61,60,daily_maintenance
2024-09-20 15:59:00-05:00,2024-09-22 17:00:00-05:00,2941,2940,weekend_close
2024-09-23 15:59:00-05:00,2024-09-23 17:00:00-05:00,61,60,daily_maintenance
2024-09-24 15:59:00-05:00,2024-09-24 17:00:00-05:00,61,60,daily_maintenance
2024-09-25 15:59:00-05:00,2024-09-25 17:00:00-05:00,61,60,daily_maintenance
2024-09-26 15:59:00-05:00,2024-09-26 17:00:00-05:00,61,60,daily_maintenance
2024-09-27 15:59:00-05:00,2024-09-29 17:00:00-05:00,2941,2940,weekend_close
2024-09-30 15:59:00-05:00,2024-09-30 17:00:00-05:00,61,60,daily_maintenance
2024-10-01 15:59:00-05:00,2024-10-01 17:00:00-05:00,61,60,daily_maintenance
2024-10-02 15:59:00-05:00,2024-10-02 17:00:00-05:00,61,60,daily_maintenance
2024-10-03 15:59:00-05:00,2024-10-03 17:00:00-05:00,61,60,daily_maintenance
2024-10-04 15:59:00-05:00,2024-10-06 17:00:00-05:00,2941,2940,weekend_close
2024-10-07 15:59:00-05:00,2024-10-07 17:00:00-05:00,61,60,daily_maintenance
2024-10-08 15:59:00-05:00,2024-10-08 17:00:00-05:00,61,60,daily_maintenance
2024-10-09 15:59:00-05:00,2024-10-09 17:00:00-05:00,61,60,daily_maintenance
2024-10-10 15:59:00-05:00,2024-10-10 17:00:00-05:00,61,60,daily_maintenance
2024-10-11 15:59:00-05:00,2024-10-13 17:00:00-05:00,2941,2940,weekend_close
2024-10-14 15:59:00-05:00,2024-10-14 17:00:00-05:00,61,60,daily_maintenance
2024-10-15 15:59:00-05:00,2024-10-15 17:00:00-05:00,61,60,daily_maintenance
2024-10-16 15:59:00-05:00,2024-10-16 17:00:00-05:00,61,60,daily_maintenance
2024-10-16 20:27:00-05:00,2024-10-16 20:29:00-05:00,2,1,potential_missing_intraday
2024-10-17 15:59:00-05:00,2024-10-17 17:00:00-05:00,61,60,daily_maintenance
2024-10-18 15:59:00-05:00,2024-10-20 17:00:00-05:00,2941,2940,weekend_close
2024-10-21 15:59:00-05:00,2024-10-21 17:00:00-05:00,61,60,daily_maintenance
2024-10-21 23:28:00-05:00,2024-10-21 23:30:00-05:00,2,1,potential_missing_intraday
2024-10-22 15:59:00-05:00,2024-10-22 17:00:00-05:00,61,60,daily_maintenance
2024-10-23 15:59:00-05:00,2024-10-23 17:00:00-05:00,61,60,daily_maintenance
2024-10-24 15:59:00-05:00,2024-10-24 17:00:00-05:00,61,60,daily_maintenance
2024-10-25 15:59:00-05:00,2024-10-27 17:00:00-05:00,2941,2940,weekend_close
2024-10-28 15:59:00-05:00,2024-10-28 17:00:00-05:00,61,60,daily_maintenance
2024-10-29 15:59:00-05:00,2024-10-29 17:00:00-05:00,61,60,daily_maintenance
2024-10-30 15:59:00-05:00,2024-10-30 17:00:00-05:00,61,60,daily_maintenance
2024-10-31 15:59:00-05:00,2024-10-31 17:00:00-05:00,61,60,daily_maintenance
2024-11-01 15:59:00-05:00,2024-11-03 17:00:00-06:00,3001,3000,weekend_close
2024-11-04 15:59:00-06:00,2024-11-04 17:00:00-06:00,61,60,daily_maintenance
2024-11-05 15:59:00-06:00,2024-11-05 17:00:00-06:00,61,60,daily_maintenance
2024-11-06 15:59:00-06:00,2024-11-06 17:00:00-06:00,61,60,daily_maintenance
2024-11-07 15:59:00-06:00,2024-11-07 17:00:00-06:00,61,60,daily_maintenance
2024-11-08 15:59:00-06:00,2024-11-10 17:00:00-06:00,2941,2940,weekend_close
2024-11-11 15:59:00-06:00,2024-11-11 17:00:00-06:00,61,60,daily_maintenance
2024-11-12 15:59:00-06:00,2024-11-12 17:00:00-06:00,61,60,daily_maintenance
2024-11-13 15:59:00-06:00,2024-11-13 17:00:00-06:00,61,60,daily_maintenance
2024-11-14 15:59:00-06:00,2024-11-14 17:00:00-06:00,61,60,daily_maintenance
2024-11-15 15:59:00-06:00,2024-11-17 17:00:00-06:00,2941,2940,weekend_close
2024-11-18 15:59:00-06:00,2024-11-18 17:00:00-06:00,61,60,daily_maintenance
2024-11-19 15:59:00-06:00,2024-11-19 17:00:00-06:00,61,60,daily_maintenance
2024-11-20 15:59:00-06:00,2024-11-20 17:00:00-06:00,61,60,daily_maintenance
2024-11-21 15:59:00-06:00,2024-11-21 17:00:00-06:00,61,60,daily_maintenance
2024-11-22 15:59:00-06:00,2024-11-24 17:00:00-06:00,2941,2940,weekend_close
2024-11-25 15:59:00-06:00,2024-11-25 17:00:00-06:00,61,60,daily_maintenance
2024-11-26 15:59:00-06:00,2024-11-26 17:00:00-06:00,61,60,daily_maintenance
2024-11-27 15:59:00-06:00,2024-11-27 17:00:00-06:00,61,60,daily_maintenance
2024-11-28 11:59:00-06:00,2024-11-28 17:00:00-06:00,301,300,holiday_or_scheduled_closure
2024-11-29 12:14:00-06:00,2024-12-01 17:00:00-06:00,3166,3165,weekend_close
2024-12-02 15:59:00-06:00,2024-12-02 17:00:00-06:00,61,60,daily_maintenance
2024-12-03 15:59:00-06:00,2024-12-03 17:00:00-06:00,61,60,daily_maintenance
2024-12-03 22:36:00-06:00,2024-12-03 22:38:00-06:00,2,1,potential_missing_intraday
2024-12-04 15:59:00-06:00,2024-12-04 17:00:00-06:00,61,60,daily_maintenance
2024-12-05 15:59:00-06:00,2024-12-05 17:00:00-06:00,61,60,daily_maintenance
2024-12-06 15:59:00-06:00,2024-12-08 17:00:00-06:00,2941,2940,weekend_close
2024-12-09 15:59:00-06:00,2024-12-09 17:00:00-06:00,61,60,daily_maintenance
2024-12-10 15:59:00-06:00,2024-12-10 17:00:00-06:00,61,60,daily_maintenance
2024-12-11 15:59:00-06:00,2024-12-11 17:00:00-06:00,61,60,daily_maintenance
2024-12-11 23:24:00-06:00,2024-12-11 23:26:00-06:00,2,1,potential_missing_intraday
2024-12-12 15:59:00-06:00,2024-12-12 17:00:00-06:00,61,60,daily_maintenance
2024-12-13 15:59:00-06:00,2024-12-15 17:00:00-06:00,2941,2940,weekend_close
2024-12-16 15:59:00-06:00,2024-12-16 17:00:00-06:00,61,60,daily_maintenance
2024-12-17 15:59:00-06:00,2024-12-17 17:00:00-06:00,61,60,daily_maintenance
2024-12-17 21:47:00-06:00,2024-12-17 21:49:00-06:00,2,1,potential_missing_intraday
2024-12-17 22:03:00-06:00,2024-12-17 22:05:00-06:00,2,1,potential_missing_intraday
2024-12-17 22:17:00-06:00,2024-12-17 22:19:00-06:00,2,1,potential_missing_intraday
2024-12-17 22:46:00-06:00,2024-12-17 22:48:00-06:00,2,1,potential_missing_intraday
2024-12-18 15:59:00-06:00,2024-12-18 17:00:00-06:00,61,60,daily_maintenance
2024-12-19 15:59:00-06:00,2024-12-19 17:00:00-06:00,61,60,daily_maintenance
2024-12-20 15:59:00-06:00,2024-12-22 17:00:00-06:00,2941,2940,weekend_close
2024-12-23 15:59:00-06:00,2024-12-23 17:00:00-06:00,61,60,daily_maintenance
2024-12-24 12:14:00-06:00,2024-12-25 17:00:00-06:00,1726,1725,holiday_or_scheduled_closure
2024-12-26 01:36:00-06:00,2024-12-26 01:38:00-06:00,2,1,potential_missing_intraday
2024-12-26 15:59:00-06:00,2024-12-26 17:00:00-06:00,61,60,daily_maintenance
2024-12-27 15:59:00-06:00,2024-12-29 17:00:00-06:00,2941,2940,weekend_close
2024-12-30 15:59:00-06:00,2024-12-30 17:00:00-06:00,61,60,daily_maintenance
2024-12-31 15:59:00-06:00,2025-01-01 17:00:00-06:00,1501,1500,holiday_or_scheduled_closure
2025-01-02 15:59:00-06:00,2025-01-02 17:00:00-06:00,61,60,daily_maintenance
2025-01-02 22:28:00-06:00,2025-01-02 22:30:00-06:00,2,1,potential_missing_intraday
2025-01-03 15:59:00-06:00,2025-01-05 17:00:00-06:00,2941,2940,weekend_close
2025-01-06 15:59:00-06:00,2025-01-06 17:00:00-06:00,61,60,daily_maintenance
2025-01-07 15:59:00-06:00,2025-01-07 17:00:00-06:00,61,60,daily_maintenance
2025-01-08 15:59:00-06:00,2025-01-08 17:00:00-06:00,61,60,daily_maintenance
2025-01-09 08:29:00-06:00,2025-01-09 17:00:00-06:00,511,510,holiday_or_scheduled_closure
2025-01-10 15:59:00-06:00,2025-01-12 17:00:00-06:00,2941,2940,weekend_close
2025-01-13 15:59:00-06:00,2025-01-13 17:00:00-06:00,61,60,daily_maintenance
2025-01-14 15:59:00-06:00,2025-01-14 17:00:00-06:00,61,60,daily_maintenance
2025-01-15 15:59:00-06:00,2025-01-15 17:00:00-06:00,61,60,daily_maintenance
2025-01-16 15:59:00-06:00,2025-01-16 17:00:00-06:00,61,60,daily_maintenance
2025-01-17 15:59:00-06:00,2025-01-19 17:00:00-06:00,2941,2940,weekend_close
2025-01-20 11:59:00-06:00,2025-01-20 17:00:00-06:00,301,300,holiday_or_scheduled_closure
2025-01-21 15:59:00-06:00,2025-01-21 17:00:00-06:00,61,60,daily_maintenance
2025-01-22 15:59:00-06:00,2025-01-22 17:00:00-06:00,61,60,daily_maintenance
2025-01-23 15:59:00-06:00,2025-01-23 17:00:00-06:00,61,60,daily_maintenance
2025-01-24 15:59:00-06:00,2025-01-26 17:00:00-06:00,2941,2940,weekend_close
2025-01-27 15:59:00-06:00,2025-01-27 17:00:00-06:00,61,60,daily_maintenance
2025-01-28 15:59:00-06:00,2025-01-28 17:00:00-06:00,61,60,daily_maintenance
2025-01-29 15:59:00-06:00,2025-01-29 17:00:00-06:00,61,60,daily_maintenance
2025-01-30 15:59:00-06:00,2025-01-30 17:00:00-06:00,61,60,daily_maintenance
2025-01-31 15:59:00-06:00,2025-02-02 17:00:00-06:00,2941,2940,weekend_close
2025-02-03 15:59:00-06:00,2025-02-03 17:00:00-06:00,61,60,daily_maintenance
2025-02-04 15:59:00-06:00,2025-02-04 17:00:00-06:00,61,60,daily_maintenance
2025-02-05 15:59:00-06:00,2025-02-05 17:00:00-06:00,61,60,daily_maintenance
2025-02-06 15:59:00-06:00,2025-02-06 17:00:00-06:00,61,60,daily_maintenance
2025-02-07 15:59:00-06:00,2025-02-09 17:00:00-06:00,2941,2940,weekend_close
2025-02-10 15:59:00-06:00,2025-02-10 17:00:00-06:00,61,60,daily_maintenance
2025-02-11 15:59:00-06:00,2025-02-11 17:00:00-06:00,61,60,daily_maintenance
2025-02-12 15:59:00-06:00,2025-02-12 17:00:00-06:00,61,60,daily_maintenance
2025-02-12 17:23:00-06:00,2025-02-12 17:25:00-06:00,2,1,potential_missing_intraday
2025-02-13 15:59:00-06:00,2025-02-13 17:00:00-06:00,61,60,daily_maintenance
2025-02-14 15:59:00-06:00,2025-02-16 17:00:00-06:00,2941,2940,weekend_close
2025-02-17 11:59:00-06:00,2025-02-17 17:00:00-06:00,301,300,holiday_or_scheduled_closure
2025-02-18 15:59:00-06:00,2025-02-18 17:00:00-06:00,61,60,daily_maintenance
2025-02-19 15:59:00-06:00,2025-02-19 17:00:00-06:00,61,60,daily_maintenance
2025-02-20 15:59:00-06:00,2025-02-20 17:00:00-06:00,61,60,daily_maintenance
2025-02-21 15:59:00-06:00,2025-02-23 17:00:00-06:00,2941,2940,weekend_close
2025-02-24 00:15:00-06:00,2025-02-24 00:17:00-06:00,2,1,potential_missing_intraday
2025-02-24 15:59:00-06:00,2025-02-24 17:00:00-06:00,61,60,daily_maintenance
2025-02-25 15:59:00-06:00,2025-02-25 17:00:00-06:00,61,60,daily_maintenance
2025-02-26 15:59:00-06:00,2025-02-26 17:00:00-06:00,61,60,daily_maintenance
2025-02-27 15:59:00-06:00,2025-02-27 17:00:00-06:00,61,60,daily_maintenance
2025-02-28 15:59:00-06:00,2025-03-02 17:00:00-06:00,2941,2940,weekend_close
2025-03-03 15:59:00-06:00,2025-03-03 17:00:00-06:00,61,60,daily_maintenance
2025-03-04 15:59:00-06:00,2025-03-04 17:00:00-06:00,61,60,daily_maintenance
2025-03-05 15:59:00-06:00,2025-03-05 17:00:00-06:00,61,60,daily_maintenance
2025-03-06 15:59:00-06:00,2025-03-06 17:00:00-06:00,61,60,daily_maintenance
2025-03-07 15:59:00-06:00,2025-03-09 17:00:00-05:00,2881,2880,weekend_close
2025-03-10 15:59:00-05:00,2025-03-10 17:00:00-05:00,61,60,daily_maintenance
2025-03-11 15:59:00-05:00,2025-03-11 17:00:00-05:00,61,60,daily_maintenance
2025-03-12 15:59:00-05:00,2025-03-12 17:00:00-05:00,61,60,daily_maintenance
2025-03-13 15:59:00-05:00,2025-03-13 17:00:00-05:00,61,60,daily_maintenance
2025-03-14 15:59:00-05:00,2025-03-16 17:00:00-05:00,2941,2940,weekend_close
2025-03-17 15:59:00-05:00,2025-03-17 17:00:00-05:00,61,60,daily_maintenance
2025-03-17 23:05:00-05:00,2025-03-17 23:07:00-05:00,2,1,potential_missing_intraday
2025-03-18 15:59:00-05:00,2025-03-18 17:00:00-05:00,61,60,daily_maintenance
2025-03-18 21:10:00-05:00,2025-03-18 21:12:00-05:00,2,1,potential_missing_intraday
2025-03-18 22:42:00-05:00,2025-03-18 22:44:00-05:00,2,1,potential_missing_intraday
2025-03-18 23:35:00-05:00,2025-03-18 23:37:00-05:00,2,1,potential_missing_intraday
2025-03-19 01:47:00-05:00,2025-03-19 01:49:00-05:00,2,1,potential_missing_intraday
2025-03-19 15:59:00-05:00,2025-03-19 17:00:00-05:00,61,60,daily_maintenance
2025-03-19 18:23:00-05:00,2025-03-19 18:25:00-05:00,2,1,potential_missing_intraday
2025-03-19 18:26:00-05:00,2025-03-19 18:28:00-05:00,2,1,potential_missing_intraday
2025-03-20 15:59:00-05:00,2025-03-20 17:00:00-05:00,61,60,daily_maintenance
2025-03-21 15:59:00-05:00,2025-03-23 17:00:00-05:00,2941,2940,weekend_close
2025-03-24 15:59:00-05:00,2025-03-24 17:00:00-05:00,61,60,daily_maintenance
2025-03-25 15:59:00-05:00,2025-03-25 17:00:00-05:00,61,60,daily_maintenance
2025-03-26 15:59:00-05:00,2025-03-26 17:00:00-05:00,61,60,daily_maintenance
2025-03-27 15:59:00-05:00,2025-03-27 17:00:00-05:00,61,60,daily_maintenance
2025-03-28 15:59:00-05:00,2025-03-30 17:00:00-05:00,2941,2940,weekend_close
2025-03-31 15:59:00-05:00,2025-03-31 17:00:00-05:00,61,60,daily_maintenance
2025-04-01 15:59:00-05:00,2025-04-01 17:00:00-05:00,61,60,daily_maintenance
2025-04-02 15:30:00-05:00,2025-04-02 15:32:00-05:00,2,1,potential_missing_intraday
2025-04-02 15:59:00-05:00,2025-04-02 17:02:00-05:00,63,62,holiday_or_scheduled_closure
2025-04-03 15:59:00-05:00,2025-04-03 17:00:00-05:00,61,60,daily_maintenance
2025-04-04 15:59:00-05:00,2025-04-06 17:00:00-05:00,2941,2940,weekend_close
2025-04-07 15:59:00-05:00,2025-04-07 17:00:00-05:00,61,60,daily_maintenance
2025-04-08 15:59:00-05:00,2025-04-08 17:00:00-05:00,61,60,daily_maintenance
2025-04-09 15:59:00-05:00,2025-04-09 17:00:00-05:00,61,60,daily_maintenance
2025-04-10 15:59:00-05:00,2025-04-10 17:00:00-05:00,61,60,daily_maintenance
2025-04-11 15:59:00-05:00,2025-04-13 17:00:00-05:00,2941,2940,weekend_close
2025-04-14 15:59:00-05:00,2025-04-14 17:00:00-05:00,61,60,daily_maintenance
2025-04-15 15:59:00-05:00,2025-04-15 17:00:00-05:00,61,60,daily_maintenance
2025-04-16 15:59:00-05:00,2025-04-16 17:00:00-05:00,61,60,daily_maintenance
2025-04-17 15:59:00-05:00,2025-04-20 17:00:00-05:00,4381,4380,holiday_or_scheduled_closure
2025-04-21 15:59:00-05:00,2025-04-21 17:00:00-05:00,61,60,daily_maintenance
2025-04-22 15:59:00-05:00,2025-04-22 17:00:00-05:00,61,60,daily_maintenance
2025-04-23 15:59:00-05:00,2025-04-23 17:00:00-05:00,61,60,daily_maintenance
2025-04-24 15:59:00-05:00,2025-04-24 17:00:00-05:00,61,60,daily_maintenance
2025-04-25 15:59:00-05:00,2025-04-27 17:00:00-05:00,2941,2940,weekend_close
2025-04-28 15:59:00-05:00,2025-04-28 17:00:00-05:00,61,60,daily_maintenance
2025-04-29 15:59:00-05:00,2025-04-29 17:00:00-05:00,61,60,daily_maintenance
2025-04-30 15:59:00-05:00,2025-04-30 17:00:00-05:00,61,60,daily_maintenance
2025-05-01 15:59:00-05:00,2025-05-01 17:00:00-05:00,61,60,daily_maintenance
2025-05-02 15:59:00-05:00,2025-05-04 17:00:00-05:00,2941,2940,weekend_close
2025-05-05 15:59:00-05:00,2025-05-05 17:00:00-05:00,61,60,daily_maintenance
2025-05-06 15:59:00-05:00,2025-05-06 17:00:00-05:00,61,60,daily_maintenance
2025-05-07 15:59:00-05:00,2025-05-07 17:00:00-05:00,61,60,daily_maintenance
2025-05-08 15:59:00-05:00,2025-05-08 17:00:00-05:00,61,60,daily_maintenance
2025-05-09 15:59:00-05:00,2025-05-11 17:00:00-05:00,2941,2940,weekend_close
2025-05-12 15:59:00-05:00,2025-05-12 17:00:00-05:00,61,60,daily_maintenance
2025-05-13 15:59:00-05:00,2025-05-13 17:00:00-05:00,61,60,daily_maintenance
2025-05-14 15:59:00-05:00,2025-05-14 17:00:00-05:00,61,60,daily_maintenance
2025-05-15 15:59:00-05:00,2025-05-15 17:00:00-05:00,61,60,daily_maintenance
2025-05-16 15:59:00-05:00,2025-05-18 17:00:00-05:00,2941,2940,weekend_close
2025-05-19 15:59:00-05:00,2025-05-19 17:00:00-05:00,61,60,daily_maintenance
2025-05-20 15:59:00-05:00,2025-05-20 17:00:00-05:00,61,60,daily_maintenance
2025-05-21 15:59:00-05:00,2025-05-21 17:00:00-05:00,61,60,daily_maintenance
2025-05-22 15:59:00-05:00,2025-05-22 17:00:00-05:00,61,60,daily_maintenance
2025-05-23 15:59:00-05:00,2025-05-25 17:00:00-05:00,2941,2940,weekend_close
2025-05-26 11:59:00-05:00,2025-05-26 17:00:00-05:00,301,300,holiday_or_scheduled_closure
2025-05-27 15:59:00-05:00,2025-05-27 17:00:00-05:00,61,60,daily_maintenance
2025-05-28 15:59:00-05:00,2025-05-28 17:00:00-05:00,61,60,daily_maintenance
2025-05-29 15:59:00-05:00,2025-05-29 17:00:00-05:00,61,60,daily_maintenance
2025-05-30 15:59:00-05:00,2025-06-01 17:00:00-05:00,2941,2940,weekend_close
2025-06-02 15:59:00-05:00,2025-06-02 17:00:00-05:00,61,60,daily_maintenance
2025-06-03 15:59:00-05:00,2025-06-03 17:00:00-05:00,61,60,daily_maintenance
2025-06-04 15:59:00-05:00,2025-06-04 17:00:00-05:00,61,60,daily_maintenance
2025-06-05 15:59:00-05:00,2025-06-05 17:00:00-05:00,61,60,daily_maintenance
2025-06-06 15:59:00-05:00,2025-06-08 17:00:00-05:00,2941,2940,weekend_close
2025-06-09 15:59:00-05:00,2025-06-09 17:00:00-05:00,61,60,daily_maintenance
2025-06-10 15:59:00-05:00,2025-06-10 17:00:00-05:00,61,60,daily_maintenance
2025-06-11 15:59:00-05:00,2025-06-11 17:00:00-05:00,61,60,daily_maintenance
2025-06-12 15:59:00-05:00,2025-06-12 17:00:00-05:00,61,60,daily_maintenance
2025-06-13 15:59:00-05:00,2025-06-15 17:00:00-05:00,2941,2940,weekend_close
2025-06-15 22:25:00-05:00,2025-06-15 22:27:00-05:00,2,1,potential_missing_intraday
2025-06-16 15:59:00-05:00,2025-06-16 17:00:00-05:00,61,60,daily_maintenance
2025-06-16 17:15:00-05:00,2025-06-16 17:17:00-05:00,2,1,potential_missing_intraday
2025-06-16 17:23:00-05:00,2025-06-16 17:25:00-05:00,2,1,potential_missing_intraday
2025-06-16 17:25:00-05:00,2025-06-16 17:27:00-05:00,2,1,potential_missing_intraday
2025-06-16 22:54:00-05:00,2025-06-16 22:56:00-05:00,2,1,potential_missing_intraday
2025-06-17 05:22:00-05:00,2025-06-17 05:24:00-05:00,2,1,potential_missing_intraday
2025-06-17 15:38:00-05:00,2025-06-17 15:40:00-05:00,2,1,potential_missing_intraday
2025-06-17 15:59:00-05:00,2025-06-17 17:00:00-05:00,61,60,daily_maintenance
2025-06-17 17:11:00-05:00,2025-06-17 17:13:00-05:00,2,1,potential_missing_intraday
2025-06-17 17:28:00-05:00,2025-06-17 17:30:00-05:00,2,1,potential_missing_intraday
2025-06-17 17:34:00-05:00,2025-06-17 17:36:00-05:00,2,1,potential_missing_intraday
2025-06-17 18:27:00-05:00,2025-06-17 18:29:00-05:00,2,1,potential_missing_intraday
2025-06-18 15:59:00-05:00,2025-06-18 17:00:00-05:00,61,60,daily_maintenance
2025-06-19 11:59:00-05:00,2025-06-19 17:00:00-05:00,301,300,holiday_or_scheduled_closure
2025-06-20 15:59:00-05:00,2025-06-22 17:00:00-05:00,2941,2940,weekend_close
2025-06-23 15:59:00-05:00,2025-06-23 17:00:00-05:00,61,60,daily_maintenance
2025-06-24 15:59:00-05:00,2025-06-24 17:00:00-05:00,61,60,daily_maintenance
2025-06-25 15:59:00-05:00,2025-06-25 17:00:00-05:00,61,60,daily_maintenance
2025-06-26 15:59:00-05:00,2025-06-26 17:00:00-05:00,61,60,daily_maintenance
2025-06-27 15:59:00-05:00,2025-06-29 17:00:00-05:00,2941,2940,weekend_close
2025-06-30 15:59:00-05:00,2025-06-30 17:00:00-05:00,61,60,daily_maintenance
2025-07-01 15:59:00-05:00,2025-07-01 17:00:00-05:00,61,60,daily_maintenance
2025-07-02 15:59:00-05:00,2025-07-02 17:00:00-05:00,61,60,daily_maintenance
2025-07-03 00:27:00-05:00,2025-07-03 00:29:00-05:00,2,1,potential_missing_intraday
2025-07-03 12:14:00-05:00,2025-07-03 17:00:00-05:00,286,285,holiday_or_scheduled_closure
2025-07-04 11:59:00-05:00,2025-07-06 17:00:00-05:00,3181,3180,weekend_close
2025-07-07 15:59:00-05:00,2025-07-07 17:00:00-05:00,61,60,daily_maintenance
2025-07-08 15:59:00-05:00,2025-07-08 17:00:00-05:00,61,60,daily_maintenance
2025-07-08 17:56:00-05:00,2025-07-08 17:58:00-05:00,2,1,potential_missing_intraday
2025-07-08 18:13:00-05:00,2025-07-08 18:15:00-05:00,2,1,potential_missing_intraday
2025-07-09 15:59:00-05:00,2025-07-09 17:00:00-05:00,61,60,daily_maintenance
2025-07-10 15:59:00-05:00,2025-07-10 17:00:00-05:00,61,60,daily_maintenance
2025-07-11 15:59:00-05:00,2025-07-13 17:00:00-05:00,2941,2940,weekend_close
2025-07-14 15:59:00-05:00,2025-07-14 17:00:00-05:00,61,60,daily_maintenance
2025-07-15 15:59:00-05:00,2025-07-15 17:00:00-05:00,61,60,daily_maintenance
2025-07-16 15:59:00-05:00,2025-07-16 17:00:00-05:00,61,60,daily_maintenance
2025-07-17 15:59:00-05:00,2025-07-17 17:00:00-05:00,61,60,daily_maintenance
2025-07-18 15:59:00-05:00,2025-07-20 17:00:00-05:00,2941,2940,weekend_close
2025-07-21 15:59:00-05:00,2025-07-21 17:00:00-05:00,61,60,daily_maintenance
2025-07-22 15:59:00-05:00,2025-07-22 17:00:00-05:00,61,60,daily_maintenance
2025-07-23 15:59:00-05:00,2025-07-23 17:00:00-05:00,61,60,daily_maintenance
2025-07-24 15:59:00-05:00,2025-07-24 17:00:00-05:00,61,60,daily_maintenance
2025-07-25 15:59:00-05:00,2025-07-27 17:00:00-05:00,2941,2940,weekend_close
2025-07-28 15:59:00-05:00,2025-07-28 17:00:00-05:00,61,60,daily_maintenance
2025-07-29 15:59:00-05:00,2025-07-29 17:00:00-05:00,61,60,daily_maintenance
2025-07-29 18:17:00-05:00,2025-07-29 18:19:00-05:00,2,1,potential_missing_intraday
2025-07-30 15:59:00-05:00,2025-07-30 17:00:00-05:00,61,60,daily_maintenance
2025-07-31 15:59:00-05:00,2025-07-31 17:00:00-05:00,61,60,daily_maintenance
2025-08-01 15:59:00-05:00,2025-08-03 17:00:00-05:00,2941,2940,weekend_close
2025-08-04 15:59:00-05:00,2025-08-04 17:00:00-05:00,61,60,daily_maintenance
2025-08-05 15:59:00-05:00,2025-08-05 17:00:00-05:00,61,60,daily_maintenance
2025-08-06 15:59:00-05:00,2025-08-06 17:00:00-05:00,61,60,daily_maintenance
2025-08-07 15:59:00-05:00,2025-08-07 17:00:00-05:00,61,60,daily_maintenance
2025-08-08 15:59:00-05:00,2025-08-10 17:00:00-05:00,2941,2940,weekend_close
2025-08-11 15:59:00-05:00,2025-08-11 17:00:00-05:00,61,60,daily_maintenance
2025-08-12 15:59:00-05:00,2025-08-12 17:00:00-05:00,61,60,daily_maintenance
2025-08-13 15:59:00-05:00,2025-08-13 17:00:00-05:00,61,60,daily_maintenance
2025-08-13 23:01:00-05:00,2025-08-13 23:03:00-05:00,2,1,potential_missing_intraday
2025-08-14 15:59:00-05:00,2025-08-14 17:00:00-05:00,61,60,daily_maintenance
2025-08-15 15:59:00-05:00,2025-08-17 17:00:00-05:00,2941,2940,weekend_close
2025-08-18 15:59:00-05:00,2025-08-18 17:00:00-05:00,61,60,daily_maintenance
2025-08-19 15:59:00-05:00,2025-08-19 17:00:00-05:00,61,60,daily_maintenance
2025-08-20 15:59:00-05:00,2025-08-20 17:00:00-05:00,61,60,daily_maintenance
2025-08-21 15:59:00-05:00,2025-08-21 17:00:00-05:00,61,60,daily_maintenance
2025-08-21 23:52:00-05:00,2025-08-21 23:54:00-05:00,2,1,potential_missing_intraday
2025-08-22 15:59:00-05:00,2025-08-24 17:00:00-05:00,2941,2940,weekend_close
2025-08-25 15:59:00-05:00,2025-08-25 17:00:00-05:00,61,60,daily_maintenance
2025-08-26 15:59:00-05:00,2025-08-26 17:00:00-05:00,61,60,daily_maintenance
2025-08-27 15:59:00-05:00,2025-08-27 17:00:00-05:00,61,60,daily_maintenance
2025-08-28 15:59:00-05:00,2025-08-28 17:00:00-05:00,61,60,daily_maintenance
2025-08-29 15:59:00-05:00,2025-08-31 17:00:00-05:00,2941,2940,weekend_close
2025-09-01 11:59:00-05:00,2025-09-01 17:00:00-05:00,301,300,holiday_or_scheduled_closure
2025-09-02 15:59:00-05:00,2025-09-02 17:00:00-05:00,61,60,daily_maintenance
2025-09-03 15:59:00-05:00,2025-09-03 17:00:00-05:00,61,60,daily_maintenance
2025-09-04 15:59:00-05:00,2025-09-04 17:00:00-05:00,61,60,daily_maintenance
2025-09-05 15:59:00-05:00,2025-09-07 17:00:00-05:00,2941,2940,weekend_close
2025-09-08 15:59:00-05:00,2025-09-08 17:00:00-05:00,61,60,daily_maintenance
2025-09-09 15:59:00-05:00,2025-09-09 17:00:00-05:00,61,60,daily_maintenance
2025-09-10 15:59:00-05:00,2025-09-10 17:00:00-05:00,61,60,daily_maintenance
2025-09-10 18:56:00-05:00,2025-09-10 18:58:00-05:00,2,1,potential_missing_intraday
2025-09-11 15:59:00-05:00,2025-09-11 17:00:00-05:00,61,60,daily_maintenance
2025-09-12 15:59:00-05:00,2025-09-14 17:00:00-05:00,2941,2940,weekend_close
2025-09-14 20:47:00-05:00,2025-09-14 20:49:00-05:00,2,1,potential_missing_intraday
2025-09-14 23:56:00-05:00,2025-09-14 23:58:00-05:00,2,1,potential_missing_intraday
2025-09-15 15:59:00-05:00,2025-09-15 17:00:00-05:00,61,60,daily_maintenance
2025-09-15 23:11:00-05:00,2025-09-15 23:13:00-05:00,2,1,potential_missing_intraday
2025-09-15 23:58:00-05:00,2025-09-16 00:00:00-05:00,2,1,potential_missing_intraday
2025-09-16 15:59:00-05:00,2025-09-16 17:00:00-05:00,61,60,daily_maintenance
2025-09-16 18:04:00-05:00,2025-09-16 18:06:00-05:00,2,1,potential_missing_intraday
2025-09-16 18:07:00-05:00,2025-09-16 18:09:00-05:00,2,1,potential_missing_intraday
2025-09-16 18:40:00-05:00,2025-09-16 18:42:00-05:00,2,1,potential_missing_intraday
2025-09-16 20:56:00-05:00,2025-09-16 20:58:00-05:00,2,1,potential_missing_intraday
2025-09-16 22:08:00-05:00,2025-09-16 22:10:00-05:00,2,1,potential_missing_intraday
2025-09-16 22:11:00-05:00,2025-09-16 22:13:00-05:00,2,1,potential_missing_intraday
2025-09-16 22:17:00-05:00,2025-09-16 22:19:00-05:00,2,1,potential_missing_intraday
2025-09-16 22:23:00-05:00,2025-09-16 22:25:00-05:00,2,1,potential_missing_intraday
2025-09-16 22:25:00-05:00,2025-09-16 22:28:00-05:00,3,2,potential_missing_intraday
2025-09-16 22:34:00-05:00,2025-09-16 22:36:00-05:00,2,1,potential_missing_intraday
2025-09-16 22:44:00-05:00,2025-09-16 22:46:00-05:00,2,1,potential_missing_intraday
2025-09-16 23:10:00-05:00,2025-09-16 23:12:00-05:00,2,1,potential_missing_intraday
2025-09-16 23:20:00-05:00,2025-09-16 23:22:00-05:00,2,1,potential_missing_intraday
2025-09-16 23:31:00-05:00,2025-09-16 23:33:00-05:00,2,1,potential_missing_intraday
2025-09-16 23:38:00-05:00,2025-09-16 23:40:00-05:00,2,1,potential_missing_intraday
2025-09-16 23:40:00-05:00,2025-09-16 23:42:00-05:00,2,1,potential_missing_intraday
2025-09-16 23:52:00-05:00,2025-09-16 23:54:00-05:00,2,1,potential_missing_intraday
2025-09-16 23:57:00-05:00,2025-09-16 23:59:00-05:00,2,1,potential_missing_intraday
2025-09-17 00:25:00-05:00,2025-09-17 00:27:00-05:00,2,1,potential_missing_intraday
2025-09-17 00:58:00-05:00,2025-09-17 01:00:00-05:00,2,1,potential_missing_intraday
2025-09-17 01:40:00-05:00,2025-09-17 01:42:00-05:00,2,1,potential_missing_intraday
2025-09-17 02:57:00-05:00,2025-09-17 02:59:00-05:00,2,1,potential_missing_intraday
2025-09-17 03:08:00-05:00,2025-09-17 03:10:00-05:00,2,1,potential_missing_intraday
2025-09-17 04:38:00-05:00,2025-09-17 04:40:00-05:00,2,1,potential_missing_intraday
2025-09-17 07:11:00-05:00,2025-09-17 07:13:00-05:00,2,1,potential_missing_intraday
2025-09-17 07:23:00-05:00,2025-09-17 07:25:00-05:00,2,1,potential_missing_intraday
2025-09-17 15:59:00-05:00,2025-09-17 17:00:00-05:00,61,60,daily_maintenance
2025-09-18 15:59:00-05:00,2025-09-18 17:00:00-05:00,61,60,daily_maintenance
2025-09-19 15:59:00-05:00,2025-09-21 17:00:00-05:00,2941,2940,weekend_close
2025-09-21 23:40:00-05:00,2025-09-21 23:42:00-05:00,2,1,potential_missing_intraday
2025-09-22 15:59:00-05:00,2025-09-22 17:00:00-05:00,61,60,daily_maintenance
2025-09-23 15:59:00-05:00,2025-09-23 17:00:00-05:00,61,60,daily_maintenance
2025-09-24 15:59:00-05:00,2025-09-24 17:00:00-05:00,61,60,daily_maintenance
2025-09-25 15:59:00-05:00,2025-09-25 17:00:00-05:00,61,60,daily_maintenance
2025-09-26 15:59:00-05:00,2025-09-28 17:00:00-05:00,2941,2940,weekend_close
2025-09-29 15:59:00-05:00,2025-09-29 17:00:00-05:00,61,60,daily_maintenance
2025-09-30 15:59:00-05:00,2025-09-30 17:00:00-05:00,61,60,daily_maintenance
2025-10-01 15:59:00-05:00,2025-10-01 17:00:00-05:00,61,60,daily_maintenance
2025-10-02 15:59:00-05:00,2025-10-02 17:00:00-05:00,61,60,daily_maintenance
2025-10-03 15:59:00-05:00,2025-10-05 17:00:00-05:00,2941,2940,weekend_close
2025-10-06 15:59:00-05:00,2025-10-06 17:00:00-05:00,61,60,daily_maintenance
2025-10-07 15:59:00-05:00,2025-10-07 17:00:00-05:00,61,60,daily_maintenance
2025-10-08 15:59:00-05:00,2025-10-08 17:00:00-05:00,61,60,daily_maintenance
2025-10-09 15:59:00-05:00,2025-10-09 17:00:00-05:00,61,60,daily_maintenance
2025-10-10 15:59:00-05:00,2025-10-12 17:00:00-05:00,2941,2940,weekend_close
2025-10-13 15:59:00-05:00,2025-10-13 17:00:00-05:00,61,60,daily_maintenance
2025-10-14 15:59:00-05:00,2025-10-14 17:00:00-05:00,61,60,daily_maintenance
2025-10-15 15:59:00-05:00,2025-10-15 17:00:00-05:00,61,60,daily_maintenance
2025-10-16 15:59:00-05:00,2025-10-16 17:00:00-05:00,61,60,daily_maintenance
2025-10-17 15:59:00-05:00,2025-10-19 17:00:00-05:00,2941,2940,weekend_close
2025-10-20 15:59:00-05:00,2025-10-20 17:00:00-05:00,61,60,daily_maintenance
2025-10-21 15:59:00-05:00,2025-10-21 17:00:00-05:00,61,60,daily_maintenance
2025-10-22 15:59:00-05:00,2025-10-22 17:00:00-05:00,61,60,daily_maintenance
2025-10-23 15:59:00-05:00,2025-10-23 17:00:00-05:00,61,60,daily_maintenance
2025-10-24 15:59:00-05:00,2025-10-26 17:00:00-05:00,2941,2940,weekend_close
2025-10-27 15:59:00-05:00,2025-10-27 17:00:00-05:00,61,60,daily_maintenance
2025-10-28 15:59:00-05:00,2025-10-28 17:00:00-05:00,61,60,daily_maintenance
2025-10-29 15:59:00-05:00,2025-10-29 17:00:00-05:00,61,60,daily_maintenance
2025-10-30 15:59:00-05:00,2025-10-30 17:00:00-05:00,61,60,daily_maintenance
2025-10-31 15:59:00-05:00,2025-11-02 17:00:00-06:00,3001,3000,weekend_close
2025-11-03 15:59:00-06:00,2025-11-03 17:00:00-06:00,61,60,daily_maintenance
2025-11-04 15:59:00-06:00,2025-11-04 17:00:00-06:00,61,60,daily_maintenance
2025-11-05 15:59:00-06:00,2025-11-05 17:00:00-06:00,61,60,daily_maintenance
2025-11-06 15:59:00-06:00,2025-11-06 17:00:00-06:00,61,60,daily_maintenance
2025-11-07 15:59:00-06:00,2025-11-09 17:00:00-06:00,2941,2940,weekend_close
2025-11-10 15:59:00-06:00,2025-11-10 17:00:00-06:00,61,60,daily_maintenance
2025-11-11 15:59:00-06:00,2025-11-11 17:00:00-06:00,61,60,daily_maintenance
2025-11-12 15:59:00-06:00,2025-11-12 17:00:00-06:00,61,60,daily_maintenance
2025-11-13 15:59:00-06:00,2025-11-13 17:00:00-06:00,61,60,daily_maintenance
2025-11-14 15:59:00-06:00,2025-11-16 17:00:00-06:00,2941,2940,weekend_close
2025-11-17 15:59:00-06:00,2025-11-17 17:00:00-06:00,61,60,daily_maintenance
2025-11-18 15:59:00-06:00,2025-11-18 17:00:00-06:00,61,60,daily_maintenance
2025-11-19 15:59:00-06:00,2025-11-19 17:00:00-06:00,61,60,daily_maintenance
2025-11-20 15:59:00-06:00,2025-11-20 17:00:00-06:00,61,60,daily_maintenance
2025-11-21 15:59:00-06:00,2025-11-23 17:00:00-06:00,2941,2940,weekend_close
2025-11-24 15:59:00-06:00,2025-11-24 17:00:00-06:00,61,60,daily_maintenance
2025-11-25 15:59:00-06:00,2025-11-25 17:00:00-06:00,61,60,daily_maintenance
2025-11-26 15:59:00-06:00,2025-11-26 17:00:00-06:00,61,60,daily_maintenance
2025-11-27 11:59:00-06:00,2025-11-27 17:00:00-06:00,301,300,holiday_or_scheduled_closure
2025-11-27 19:46:00-06:00,2025-11-27 19:48:00-06:00,2,1,potential_missing_intraday
2025-11-27 20:21:00-06:00,2025-11-27 20:23:00-06:00,2,1,potential_missing_intraday
2025-11-27 20:44:00-06:00,2025-11-28 07:30:00-06:00,646,645,holiday_or_scheduled_closure
2025-11-28 12:14:00-06:00,2025-11-30 17:00:00-06:00,3166,3165,weekend_close
2025-12-01 15:59:00-06:00,2025-12-01 17:00:00-06:00,61,60,daily_maintenance
2025-12-02 15:59:00-06:00,2025-12-02 17:00:00-06:00,61,60,daily_maintenance
2025-12-03 15:59:00-06:00,2025-12-03 17:00:00-06:00,61,60,daily_maintenance
2025-12-04 15:59:00-06:00,2025-12-04 17:00:00-06:00,61,60,daily_maintenance
2025-12-05 15:59:00-06:00,2025-12-07 17:00:00-06:00,2941,2940,weekend_close
2025-12-08 15:59:00-06:00,2025-12-08 17:00:00-06:00,61,60,daily_maintenance
2025-12-09 15:59:00-06:00,2025-12-09 17:00:00-06:00,61,60,daily_maintenance
2025-12-10 15:59:00-06:00,2025-12-10 17:00:00-06:00,61,60,daily_maintenance
2025-12-11 15:59:00-06:00,2025-12-11 17:00:00-06:00,61,60,daily_maintenance
2025-12-12 15:59:00-06:00,2025-12-14 17:00:00-06:00,2941,2940,weekend_close
2025-12-15 15:59:00-06:00,2025-12-15 17:00:00-06:00,61,60,daily_maintenance
2025-12-15 22:20:00-06:00,2025-12-15 22:23:00-06:00,3,2,potential_missing_intraday
2025-12-15 23:08:00-06:00,2025-12-15 23:10:00-06:00,2,1,potential_missing_intraday
2025-12-16 00:23:00-06:00,2025-12-16 00:25:00-06:00,2,1,potential_missing_intraday
2025-12-16 00:30:00-06:00,2025-12-16 00:32:00-06:00,2,1,potential_missing_intraday
2025-12-16 05:11:00-06:00,2025-12-16 05:13:00-06:00,2,1,potential_missing_intraday
2025-12-16 15:59:00-06:00,2025-12-16 17:00:00-06:00,61,60,daily_maintenance
2025-12-16 17:17:00-06:00,2025-12-16 17:20:00-06:00,3,2,potential_missing_intraday
2025-12-16 17:30:00-06:00,2025-12-16 17:32:00-06:00,2,1,potential_missing_intraday
2025-12-16 17:38:00-06:00,2025-12-16 17:40:00-06:00,2,1,potential_missing_intraday
2025-12-17 15:59:00-06:00,2025-12-17 17:00:00-06:00,61,60,daily_maintenance
2025-12-18 15:59:00-06:00,2025-12-18 17:00:00-06:00,61,60,daily_maintenance
2025-12-19 15:59:00-06:00,2025-12-21 17:00:00-06:00,2941,2940,weekend_close
2025-12-22 15:59:00-06:00,2025-12-22 17:00:00-06:00,61,60,daily_maintenance
2025-12-23 15:59:00-06:00,2025-12-23 17:00:00-06:00,61,60,daily_maintenance
2025-12-23 22:36:00-06:00,2025-12-23 22:38:00-06:00,2,1,potential_missing_intraday
2025-12-24 00:48:00-06:00,2025-12-24 00:50:00-06:00,2,1,potential_missing_intraday
2025-12-24 03:43:00-06:00,2025-12-24 03:45:00-06:00,2,1,potential_missing_intraday
2025-12-24 12:14:00-06:00,2025-12-25 17:00:00-06:00,1726,1725,holiday_or_scheduled_closure
2025-12-25 17:46:00-06:00,2025-12-25 17:48:00-06:00,2,1,potential_missing_intraday
2025-12-25 23:16:00-06:00,2025-12-25 23:18:00-06:00,2,1,potential_missing_intraday
2025-12-26 05:06:00-06:00,2025-12-26 05:08:00-06:00,2,1,potential_missing_intraday
2025-12-26 15:59:00-06:00,2025-12-28 17:00:00-06:00,2941,2940,weekend_close
2025-12-29 15:59:00-06:00,2025-12-29 17:00:00-06:00,61,60,daily_maintenance
2025-12-30 15:59:00-06:00,2025-12-30 17:00:00-06:00,61,60,daily_maintenance
2025-12-31 15:59:00-06:00,2026-01-01 17:00:00-06:00,1501,1500,holiday_or_scheduled_closure
2026-01-02 15:59:00-06:00,2026-01-04 17:00:00-06:00,2941,2940,weekend_close
2026-01-05 15:59:00-06:00,2026-01-05 17:00:00-06:00,61,60,daily_maintenance
2026-01-05 21:57:00-06:00,2026-01-05 21:59:00-06:00,2,1,potential_missing_intraday
2026-01-06 15:59:00-06:00,2026-01-06 17:00:00-06:00,61,60,daily_maintenance
2026-01-07 15:59:00-06:00,2026-01-07 17:00:00-06:00,61,60,daily_maintenance
2026-01-08 15:59:00-06:00,2026-01-08 17:00:00-06:00,61,60,daily_maintenance
2026-01-09 15:59:00-06:00,2026-01-11 17:00:00-06:00,2941,2940,weekend_close
2026-01-12 15:59:00-06:00,2026-01-12 17:00:00-06:00,61,60,daily_maintenance
2026-01-13 15:59:00-06:00,2026-01-13 17:00:00-06:00,61,60,daily_maintenance
2026-01-14 15:59:00-06:00,2026-01-14 17:00:00-06:00,61,60,daily_maintenance
2026-01-15 15:59:00-06:00,2026-01-15 17:00:00-06:00,61,60,daily_maintenance
2026-01-16 15:59:00-06:00,2026-01-18 17:00:00-06:00,2941,2940,weekend_close
2026-01-19 11:59:00-06:00,2026-01-19 17:00:00-06:00,301,300,holiday_or_scheduled_closure
2026-01-20 15:59:00-06:00,2026-01-20 17:00:00-06:00,61,60,daily_maintenance
2026-01-21 15:59:00-06:00,2026-01-21 17:00:00-06:00,61,60,daily_maintenance
2026-01-22 15:59:00-06:00,2026-01-22 17:00:00-06:00,61,60,daily_maintenance
2026-01-23 15:59:00-06:00,2026-01-25 17:00:00-06:00,2941,2940,weekend_close
2026-01-26 15:59:00-06:00,2026-01-26 17:00:00-06:00,61,60,daily_maintenance
2026-01-27 15:59:00-06:00,2026-01-27 17:00:00-06:00,61,60,daily_maintenance
2026-01-28 15:59:00-06:00,2026-01-28 17:00:00-06:00,61,60,daily_maintenance
2026-01-29 15:59:00-06:00,2026-01-29 17:00:00-06:00,61,60,daily_maintenance
2026-01-30 15:59:00-06:00,2026-02-01 17:00:00-06:00,2941,2940,weekend_close
2026-02-02 15:59:00-06:00,2026-02-02 17:00:00-06:00,61,60,daily_maintenance
2026-02-03 15:59:00-06:00,2026-02-03 17:00:00-06:00,61,60,daily_maintenance
2026-02-04 15:59:00-06:00,2026-02-04 17:00:00-06:00,61,60,daily_maintenance
2026-02-05 15:59:00-06:00,2026-02-05 17:00:00-06:00,61,60,daily_maintenance
2026-02-06 15:59:00-06:00,2026-02-08 17:00:00-06:00,2941,2940,weekend_close
2026-02-09 15:59:00-06:00,2026-02-09 17:00:00-06:00,61,60,daily_maintenance
2026-02-10 15:59:00-06:00,2026-02-10 17:00:00-06:00,61,60,daily_maintenance
2026-02-11 15:59:00-06:00,2026-02-11 17:00:00-06:00,61,60,daily_maintenance
2026-02-12 15:59:00-06:00,2026-02-12 17:00:00-06:00,61,60,daily_maintenance
2026-02-13 15:59:00-06:00,2026-02-15 17:00:00-06:00,2941,2940,weekend_close
2026-02-15 19:35:00-06:00,2026-02-15 19:37:00-06:00,2,1,potential_missing_intraday
2026-02-16 00:17:00-06:00,2026-02-16 00:19:00-06:00,2,1,potential_missing_intraday
2026-02-16 11:59:00-06:00,2026-02-16 17:00:00-06:00,301,300,holiday_or_scheduled_closure
2026-02-17 15:59:00-06:00,2026-02-17 17:00:00-06:00,61,60,daily_maintenance
2026-02-18 15:59:00-06:00,2026-02-18 17:00:00-06:00,61,60,daily_maintenance
2026-02-19 15:59:00-06:00,2026-02-19 17:00:00-06:00,61,60,daily_maintenance
2026-02-20 15:59:00-06:00,2026-02-22 17:00:00-06:00,2941,2940,weekend_close
2026-02-23 15:59:00-06:00,2026-02-23 17:00:00-06:00,61,60,daily_maintenance
2026-02-24 15:59:00-06:00,2026-02-24 17:00:00-06:00,61,60,daily_maintenance
2026-02-25 15:59:00-06:00,2026-02-25 17:00:00-06:00,61,60,daily_maintenance
2026-02-26 15:59:00-06:00,2026-02-26 17:00:00-06:00,61,60,daily_maintenance
2026-02-27 15:59:00-06:00,2026-03-01 17:00:00-06:00,2941,2940,weekend_close
2026-03-02 15:59:00-06:00,2026-03-02 17:00:00-06:00,61,60,daily_maintenance
2026-03-03 15:59:00-06:00,2026-03-03 17:00:00-06:00,61,60,daily_maintenance
2026-03-04 15:59:00-06:00,2026-03-04 17:00:00-06:00,61,60,daily_maintenance
2026-03-05 15:59:00-06:00,2026-03-05 17:00:00-06:00,61,60,daily_maintenance
2026-03-06 15:59:00-06:00,2026-03-08 17:00:00-05:00,2881,2880,weekend_close
2026-03-09 15:59:00-05:00,2026-03-09 17:00:00-05:00,61,60,daily_maintenance
2026-03-10 15:59:00-05:00,2026-03-10 17:00:00-05:00,61,60,daily_maintenance
2026-03-11 15:59:00-05:00,2026-03-11 17:00:00-05:00,61,60,daily_maintenance
2026-03-12 15:59:00-05:00,2026-03-12 17:00:00-05:00,61,60,daily_maintenance
2026-03-13 15:59:00-05:00,2026-03-15 17:00:00-05:00,2941,2940,weekend_close
2026-03-15 22:16:00-05:00,2026-03-15 22:18:00-05:00,2,1,potential_missing_intraday
2026-03-16 15:59:00-05:00,2026-03-16 17:00:00-05:00,61,60,daily_maintenance
2026-03-16 17:58:00-05:00,2026-03-16 18:00:00-05:00,2,1,potential_missing_intraday
2026-03-16 18:26:00-05:00,2026-03-16 18:28:00-05:00,2,1,potential_missing_intraday
2026-03-16 18:30:00-05:00,2026-03-16 18:32:00-05:00,2,1,potential_missing_intraday
2026-03-16 18:38:00-05:00,2026-03-16 18:40:00-05:00,2,1,potential_missing_intraday
2026-03-16 22:33:00-05:00,2026-03-16 22:35:00-05:00,2,1,potential_missing_intraday
2026-03-16 22:35:00-05:00,2026-03-16 22:37:00-05:00,2,1,potential_missing_intraday
2026-03-16 22:38:00-05:00,2026-03-16 22:40:00-05:00,2,1,potential_missing_intraday
2026-03-16 22:59:00-05:00,2026-03-16 23:01:00-05:00,2,1,potential_missing_intraday
2026-03-16 23:21:00-05:00,2026-03-16 23:23:00-05:00,2,1,potential_missing_intraday
2026-03-17 01:51:00-05:00,2026-03-17 01:53:00-05:00,2,1,potential_missing_intraday
2026-03-17 01:55:00-05:00,2026-03-17 01:57:00-05:00,2,1,potential_missing_intraday
2026-03-17 06:32:00-05:00,2026-03-17 06:34:00-05:00,2,1,potential_missing_intraday
2026-03-17 15:59:00-05:00,2026-03-17 17:00:00-05:00,61,60,daily_maintenance
2026-03-17 17:06:00-05:00,2026-03-17 17:08:00-05:00,2,1,potential_missing_intraday
2026-03-17 17:21:00-05:00,2026-03-17 17:23:00-05:00,2,1,potential_missing_intraday
2026-03-17 17:55:00-05:00,2026-03-17 17:57:00-05:00,2,1,potential_missing_intraday
2026-03-17 18:05:00-05:00,2026-03-17 18:07:00-05:00,2,1,potential_missing_intraday
2026-03-17 18:10:00-05:00,2026-03-17 18:12:00-05:00,2,1,potential_missing_intraday
2026-03-17 18:12:00-05:00,2026-03-17 18:14:00-05:00,2,1,potential_missing_intraday
2026-03-17 18:15:00-05:00,2026-03-17 18:18:00-05:00,3,2,potential_missing_intraday
2026-03-17 18:27:00-05:00,2026-03-17 18:29:00-05:00,2,1,potential_missing_intraday
2026-03-17 18:41:00-05:00,2026-03-17 18:43:00-05:00,2,1,potential_missing_intraday
2026-03-17 18:46:00-05:00,2026-03-17 18:49:00-05:00,3,2,potential_missing_intraday
2026-03-17 18:49:00-05:00,2026-03-17 18:51:00-05:00,2,1,potential_missing_intraday
2026-03-17 18:53:00-05:00,2026-03-17 18:55:00-05:00,2,1,potential_missing_intraday
2026-03-17 18:56:00-05:00,2026-03-17 18:58:00-05:00,2,1,potential_missing_intraday
2026-03-18 15:59:00-05:00,2026-03-18 17:00:00-05:00,61,60,daily_maintenance
2026-03-19 15:59:00-05:00,2026-03-19 17:00:00-05:00,61,60,daily_maintenance
2026-03-20 15:59:00-05:00,2026-03-22 17:00:00-05:00,2941,2940,weekend_close
2026-03-23 15:59:00-05:00,2026-03-23 17:00:00-05:00,61,60,daily_maintenance
2026-03-24 15:59:00-05:00,2026-03-24 17:00:00-05:00,61,60,daily_maintenance
2026-03-25 15:59:00-05:00,2026-03-25 17:00:00-05:00,61,60,daily_maintenance
2026-03-26 15:59:00-05:00,2026-03-26 17:00:00-05:00,61,60,daily_maintenance
2026-03-27 15:59:00-05:00,2026-03-29 17:00:00-05:00,2941,2940,weekend_close
2026-03-30 15:59:00-05:00,2026-03-30 17:00:00-05:00,61,60,daily_maintenance
2026-03-31 15:59:00-05:00,2026-03-31 17:00:00-05:00,61,60,daily_maintenance
2026-04-01 15:59:00-05:00,2026-04-01 17:00:00-05:00,61,60,daily_maintenance
2026-04-02 15:59:00-05:00,2026-04-02 17:00:00-05:00,61,60,daily_maintenance
2026-04-02 18:03:00-05:00,2026-04-02 18:05:00-05:00,2,1,potential_missing_intraday
2026-04-03 04:27:00-05:00,2026-04-03 04:29:00-05:00,2,1,potential_missing_intraday
2026-04-03 04:40:00-05:00,2026-04-03 04:42:00-05:00,2,1,potential_missing_intraday
2026-04-03 04:50:00-05:00,2026-04-03 04:52:00-05:00,2,1,potential_missing_intraday
2026-04-03 04:54:00-05:00,2026-04-03 04:56:00-05:00,2,1,potential_missing_intraday
2026-04-03 04:57:00-05:00,2026-04-03 04:59:00-05:00,2,1,potential_missing_intraday
2026-04-03 08:14:00-05:00,2026-04-05 17:00:00-05:00,3406,3405,weekend_close
2026-04-06 15:59:00-05:00,2026-04-06 17:00:00-05:00,61,60,daily_maintenance
2026-04-07 15:59:00-05:00,2026-04-07 17:00:00-05:00,61,60,daily_maintenance
2026-04-08 15:59:00-05:00,2026-04-08 17:00:00-05:00,61,60,daily_maintenance
2026-04-09 15:59:00-05:00,2026-04-09 17:00:00-05:00,61,60,daily_maintenance
2026-04-10 15:59:00-05:00,2026-04-12 17:00:00-05:00,2941,2940,weekend_close
2026-04-13 15:59:00-05:00,2026-04-13 17:00:00-05:00,61,60,daily_maintenance
2026-04-14 15:59:00-05:00,2026-04-14 17:00:00-05:00,61,60,daily_maintenance
2026-04-15 15:59:00-05:00,2026-04-15 17:00:00-05:00,61,60,daily_maintenance
2026-04-16 15:59:00-05:00,2026-04-16 17:00:00-05:00,61,60,daily_maintenance
2026-04-17 15:59:00-05:00,2026-04-19 17:00:00-05:00,2941,2940,weekend_close
2026-04-20 15:59:00-05:00,2026-04-20 17:00:00-05:00,61,60,daily_maintenance
2026-04-21 00:40:00-05:00,2026-04-21 00:42:00-05:00,2,1,potential_missing_intraday
2026-04-21 15:59:00-05:00,2026-04-21 17:00:00-05:00,61,60,daily_maintenance
2026-04-22 15:59:00-05:00,2026-04-22 17:00:00-05:00,61,60,daily_maintenance
2026-04-23 15:59:00-05:00,2026-04-23 17:00:00-05:00,61,60,daily_maintenance
2026-04-24 15:59:00-05:00,2026-04-26 17:00:00-05:00,2941,2940,weekend_close
2026-04-27 15:59:00-05:00,2026-04-27 17:00:00-05:00,61,60,daily_maintenance
2026-04-28 15:59:00-05:00,2026-04-28 17:00:00-05:00,61,60,daily_maintenance
2026-04-29 15:59:00-05:00,2026-04-29 17:00:00-05:00,61,60,daily_maintenance
2026-04-30 15:59:00-05:00,2026-04-30 17:00:00-05:00,61,60,daily_maintenance
2026-05-01 15:59:00-05:00,2026-05-03 17:00:00-05:00,2941,2940,weekend_close
2026-05-04 15:59:00-05:00,2026-05-04 17:00:00-05:00,61,60,daily_maintenance
2026-05-05 15:59:00-05:00,2026-05-05 17:00:00-05:00,61,60,daily_maintenance
2026-05-06 15:59:00-05:00,2026-05-06 17:00:00-05:00,61,60,daily_maintenance
2026-05-07 15:59:00-05:00,2026-05-07 17:00:00-05:00,61,60,daily_maintenance
2026-05-08 15:59:00-05:00,2026-05-10 17:00:00-05:00,2941,2940,weekend_close
2026-05-11 15:59:00-05:00,2026-05-11 17:00:00-05:00,61,60,daily_maintenance
2026-05-12 15:59:00-05:00,2026-05-12 17:00:00-05:00,61,60,daily_maintenance
2026-05-13 15:59:00-05:00,2026-05-13 17:00:00-05:00,61,60,daily_maintenance
2026-05-14 15:59:00-05:00,2026-05-14 17:00:00-05:00,61,60,daily_maintenance
2026-05-15 15:59:00-05:00,2026-05-17 17:00:00-05:00,2941,2940,weekend_close
2026-05-18 15:59:00-05:00,2026-05-18 17:00:00-05:00,61,60,daily_maintenance
2026-05-19 15:59:00-05:00,2026-05-19 17:00:00-05:00,61,60,daily_maintenance
2026-05-20 15:59:00-05:00,2026-05-20 17:00:00-05:00,61,60,daily_maintenance
2026-05-21 15:59:00-05:00,2026-05-21 17:00:00-05:00,61,60,daily_maintenance
2026-05-22 15:59:00-05:00,2026-05-24 17:00:00-05:00,2941,2940,weekend_close
2026-05-25 11:59:00-05:00,2026-05-25 17:00:00-05:00,301,300,holiday_or_scheduled_closure
2026-05-26 15:59:00-05:00,2026-05-26 17:00:00-05:00,61,60,daily_maintenance
2026-05-27 15:59:00-05:00,2026-05-27 17:00:00-05:00,61,60,daily_maintenance
2026-05-28 15:59:00-05:00,2026-05-28 17:00:00-05:00,61,60,daily_maintenance
2026-05-29 15:59:00-05:00,2026-05-31 17:00:00-05:00,2941,2940,weekend_close
2026-06-01 15:59:00-05:00,2026-06-01 17:00:00-05:00,61,60,daily_maintenance
2026-06-02 15:59:00-05:00,2026-06-02 17:00:00-05:00,61,60,daily_maintenance
2026-06-03 15:59:00-05:00,2026-06-03 17:00:00-05:00,61,60,daily_maintenance
2026-06-04 15:59:00-05:00,2026-06-04 17:00:00-05:00,61,60,daily_maintenance
2026-06-05 15:59:00-05:00,2026-06-07 17:00:00-05:00,2941,2940,weekend_close
2026-06-08 15:59:00-05:00,2026-06-08 17:00:00-05:00,61,60,daily_maintenance
2026-06-09 15:59:00-05:00,2026-06-09 17:00:00-05:00,61,60,daily_maintenance
2026-06-10 15:59:00-05:00,2026-06-10 17:00:00-05:00,61,60,daily_maintenance
2026-06-11 15:59:00-05:00,2026-06-11 17:00:00-05:00,61,60,daily_maintenance
2026-06-12 15:59:00-05:00,2026-06-14 17:00:00-05:00,2941,2940,weekend_close
2026-06-15 15:59:00-05:00,2026-06-15 17:00:00-05:00,61,60,daily_maintenance
2026-06-15 17:15:00-05:00,2026-06-15 17:17:00-05:00,2,1,potential_missing_intraday
2026-06-15 17:57:00-05:00,2026-06-15 17:59:00-05:00,2,1,potential_missing_intraday
2026-06-15 18:08:00-05:00,2026-06-15 18:10:00-05:00,2,1,potential_missing_intraday
2026-06-15 18:12:00-05:00,2026-06-15 18:14:00-05:00,2,1,potential_missing_intraday
2026-06-15 18:25:00-05:00,2026-06-15 18:28:00-05:00,3,2,potential_missing_intraday
2026-06-15 18:37:00-05:00,2026-06-15 18:39:00-05:00,2,1,potential_missing_intraday
2026-06-15 18:40:00-05:00,2026-06-15 18:42:00-05:00,2,1,potential_missing_intraday
2026-06-15 21:26:00-05:00,2026-06-15 21:28:00-05:00,2,1,potential_missing_intraday
2026-06-15 23:36:00-05:00,2026-06-15 23:38:00-05:00,2,1,potential_missing_intraday
2026-06-16 01:42:00-05:00,2026-06-16 01:44:00-05:00,2,1,potential_missing_intraday
2026-06-16 05:20:00-05:00,2026-06-16 05:22:00-05:00,2,1,potential_missing_intraday
2026-06-16 05:31:00-05:00,2026-06-16 05:33:00-05:00,2,1,potential_missing_intraday
2026-06-16 15:59:00-05:00,2026-06-16 17:00:00-05:00,61,60,daily_maintenance
2026-06-16 17:27:00-05:00,2026-06-16 17:29:00-05:00,2,1,potential_missing_intraday
2026-06-16 17:35:00-05:00,2026-06-16 17:37:00-05:00,2,1,potential_missing_intraday
2026-06-16 17:40:00-05:00,2026-06-16 17:42:00-05:00,2,1,potential_missing_intraday
2026-06-16 17:47:00-05:00,2026-06-16 17:49:00-05:00,2,1,potential_missing_intraday
2026-06-16 17:53:00-05:00,2026-06-16 17:55:00-05:00,2,1,potential_missing_intraday
2026-06-16 18:14:00-05:00,2026-06-16 18:16:00-05:00,2,1,potential_missing_intraday
2026-06-16 18:19:00-05:00,2026-06-16 18:22:00-05:00,3,2,potential_missing_intraday
2026-06-16 18:27:00-05:00,2026-06-16 18:29:00-05:00,2,1,potential_missing_intraday
2026-06-16 18:42:00-05:00,2026-06-16 18:44:00-05:00,2,1,potential_missing_intraday
2026-06-16 18:52:00-05:00,2026-06-16 18:54:00-05:00,2,1,potential_missing_intraday
2026-06-16 18:57:00-05:00,2026-06-16 18:59:00-05:00,2,1,potential_missing_intraday
2026-06-17 15:59:00-05:00,2026-06-17 17:00:00-05:00,61,60,daily_maintenance
2026-06-18 15:59:00-05:00,2026-06-18 17:00:00-05:00,61,60,daily_maintenance
2026-06-19 11:59:00-05:00,2026-06-21 17:00:00-05:00,3181,3180,weekend_close
2026-06-22 15:59:00-05:00,2026-06-22 17:00:00-05:00,61,60,daily_maintenance
2026-06-23 15:59:00-05:00,2026-06-23 17:00:00-05:00,61,60,daily_maintenance
2026-06-24 15:59:00-05:00,2026-06-24 17:00:00-05:00,61,60,daily_maintenance
2026-06-25 15:59:00-05:00,2026-06-25 17:00:00-05:00,61,60,daily_maintenance
2026-06-26 15:59:00-05:00,2026-06-28 17:00:00-05:00,2941,2940,weekend_close
